60 187
18 171
104 144
104 201
104 233
17 182
98 182
17 240
87 238
107 241
107 228
98 140
3 187
15 220
116 238
75 162
75 191
75 147
65 220
116 185
98 227
100 187
88 143
117 239
118 239
48 130
52 130
107 130
98 130
107 139
32 209
98 209
32 156
98 156
41 132
121 141
84 238
17 151
84 230
129 173
117 173
32 132
121 182
88 139
17 209
26 161
123 159
76 159
128 159
123 182
76 182
128 182
32 146
102 130
38 193
122 224
65 176
98 176
116 183
84 183
39 183
109 183
21 183
100 132
98 152
129 227
98 163
15 204
15 159
101 209
75 209
32 182
32 159
98 159
17 212
32 212
65 211
15 178
40 150
107 221
42 161
72 207
60 161
103 185
29 185
100 224
115 136
129 198
98 198
126 216
77 216
68 216
107 216
48 133
17 133
98 133
59 133
107 133
27 157
48 198
107 198
48 185
107 161
106 156
93 172
32 195
98 195
32 181
70 238
108 151
76 156
9 159
9 182
1 225
65 178
129 156
111 156
92 161
103 236
73 178
64 161
129 161
84 161
15 161
113 161
98 161
124 186
107 220
107 208
32 242
86 242
117 183
60 158
128 178
117 161
6 187
0 183
98 132
98 197
60 199
60 142
60 172
60 154
66 172
119 206
75 200
75 179
34 227
75 227
41 185
17 225
92 194
92 156
52 164
52 142
57 187
27 238
30 151
27 151
48 142
16 142
1 173
1 202
2 196
33 150
33 134
15 182
15 227
107 149
116 138
116 210
107 159
107 182
25 238
25 184
46 183
63 134
4 142
61 239
129 239
98 239
82 183
50 132
107 225
52 159
52 182
52 151
52 175
107 238
14 132
32 151
13 202
65 238
64 202
10 134
65 190
65 161
48 161
107 232
98 220
75 198
48 183
24 203
53 203
28 161
107 164
117 145
12 161
57 180
117 156
48 131
19 161
90 161
85 161
5 161
69 161
81 161
35 178
71 178
129 178
98 178
76 215
76 227
7 211
98 211
107 167
1 132
129 170
129 159
15 143
65 237
65 172
67 166
52 172
52 156
99 185
97 156
83 156
80 156
48 187
48 160
65 160
103 160
43 143
60 229
105 229
110 229
126 229
98 229
129 155
75 155
120 165
77 165
22 165
126 165
98 151
60 137
40 132
125 234
107 190
53 238
79 159
79 177
79 182
79 235
79 213
76 187
65 239
27 143
25 143
36 161
126 205
20 174
107 174
54 182
20 152
84 152
107 152
40 161
74 183
96 239
0 239
27 156
104 223
75 223
50 154
88 159
60 182
44 182
47 182
60 217
44 217
47 217
60 159
44 159
47 159
48 159
36 159
48 153
36 153
51 189
65 159
76 238
17 158
49 187
49 182
19 151
15 190
76 132
76 173
76 226
37 142
62 142
62 154
94 227
129 222
15 222
98 185
78 185
129 213
107 213
98 192
11 168
58 168
45 168
60 168
107 168
17 227
8 187
117 135
107 156
40 198
129 132
91 132
112 132
53 182
15 173
48 194
107 194
98 219
17 231
84 231
98 231
23 148
84 148
98 148
33 202
98 194
129 188
25 188
53 225
114 161
31 161
95 161
89 161
48 225
32 225
117 130
76 161
76 190
75 132
52 183
32 143
127 218
128 202
40 222
126 214
52 218
52 160
121 161
17 143
78 187
102 169
56 169
55 227
84 159
