35	193
35	232
35	157
35	154
35	238
35	152
35	210
35	174
35	151
35	184
35	159
35	277
35	233
35	252
35	291
35	294
35	183
35	237
35	178
35	199
35	215
35	278
35	163
35	258
35	262
35	251
35	222
35	209
35	205
35	219
35	156
35	234
35	192
35	145
35	239
35	166
35	186
35	227
35	276
35	266
35	165
35	172
35	204
35	272
35	187
35	261
35	271
35	240
35	279
36	261
36	205
36	167
36	189
36	262
36	242
36	241
36	190
36	236
36	171
36	196
36	243
36	288
36	239
36	266
36	263
36	188
36	229
36	276
36	273
36	208
36	207
36	198
36	215
36	235
36	162
36	199
36	272
36	274
36	271
36	194
36	282
36	200
36	279
36	289
36	256
36	275
36	280
36	251
36	264
36	268
36	249
36	265
36	191
36	209
36	269
36	168
36	172
36	164
36	218
36	259
36	170
36	160
36	222
36	192
36	180
36	176
36	201
36	225
36	240
36	270
36	253
36	248
36	159
36	210
36	277
36	278
36	184
36	150
36	213
36	149
36	221
36	287
36	156
37	289
37	266
37	224
37	295
37	180
37	197
37	209
37	221
37	278
37	241
37	228
37	150
37	282
37	273
37	236
37	248
37	270
37	276
37	263
37	296
37	190
37	251
37	215
37	285
37	208
37	196
37	194
37	149
37	161
37	200
37	275
37	229
37	268
37	274
37	225
37	269
37	154
37	170
37	218
37	210
37	283
37	186
38	212
38	153
38	235
38	152
38	296
38	291
38	180
38	240
38	220
38	146
38	150
38	267
38	179
38	237
38	249
38	176
38	241
38	236
38	265
38	284
38	288
38	191
38	196
38	263
38	292
38	282
38	224
38	199
38	234
38	276
38	273
38	239
38	221
38	162
38	194
38	285
38	177
38	215
38	277
38	279
38	251
38	149
38	256
38	201
38	272
38	208
38	200
38	154
38	275
38	229
38	268
38	255
38	289
38	181
38	157
38	198
38	197
38	218
38	227
38	172
38	270
39	153
39	216
39	246
39	211
39	182
39	244
39	160
39	202
39	214
39	247
39	213
39	173
39	219
39	152
39	248
39	245
39	290
39	217
39	168
39	274
39	263
39	225
39	200
39	252
39	292
39	256
39	253
39	194
39	212
39	264
39	291
39	180
39	229
39	145
39	186
39	283
39	207
39	257
40	187
40	188
40	205
40	189
40	288
40	262
40	243
40	261
40	241
40	248
40	280
40	239
40	215
40	164
40	273
40	236
40	196
40	190
40	291
40	279
40	170
40	168
40	266
40	167
40	229
40	276
40	240
40	208
40	173
40	191
40	198
40	274
40	256
40	285
40	162
40	210
40	263
40	194
40	271
40	209
40	176
40	264
40	218
40	200
40	186
40	275
40	251
40	282
40	171
40	201
40	159
40	269
40	268
40	249
40	289
40	242
40	253
40	228
40	225
40	160
40	172
40	156
40	177
40	181
40	272
40	227
40	213
40	287
40	221
41	187
41	152
41	266
41	189
41	188
41	223
41	262
41	243
41	241
41	164
41	248
41	274
41	239
41	224
41	199
41	273
41	221
41	280
41	236
41	190
41	168
41	177
41	196
41	288
41	276
41	289
41	229
41	208
41	167
41	215
41	200
41	225
41	209
41	194
41	279
41	271
41	162
41	191
41	264
41	210
41	270
41	230
41	282
41	159
41	275
41	263
41	261
41	198
41	206
42	203
42	193
42	175
42	238
42	297
42	163
42	202
42	247
42	255
42	199
42	222
42	258
42	145
42	204
42	206
42	151
42	268
42	181
42	166
42	270
42	152
42	217
42	257
42	148
42	164
42	226
42	221
42	233
42	272
42	264
42	266
42	231
42	172
42	227
42	192
42	177
42	260
42	207
42	290
42	267
42	195
42	225
42	147
42	183
42	205
42	249
42	280
42	265
42	243
42	295
42	288
42	220
42	279
42	269
42	179
42	186
42	228
42	289
42	194
42	285
42	218
42	201
42	182
42	176
42	171
42	184
42	273
42	256
42	251
42	276
42	198
42	240
42	246
42	235
42	275
42	146
42	253
42	173
42	178
42	274
42	239
43	187
43	266
43	261
43	189
43	262
43	209
43	241
43	224
43	190
43	215
43	236
43	229
43	273
43	196
43	188
43	228
43	208
43	218
43	167
43	276
43	239
43	205
43	264
43	251
43	162
43	210
43	159
43	274
43	275
43	198
43	164
43	191
43	200
43	279
43	280
43	168
43	225
43	194
43	150
43	282
43	219
43	285
43	271
44	232
44	281
44	282
44	180
44	206
44	223
44	267
44	191
44	150
44	197
44	220
44	265
44	149
44	242
44	228
44	248
44	241
44	259
44	268
44	170
44	291
44	181
44	162
44	236
44	196
44	285
44	218
44	263
44	200
44	279
44	161
44	240
44	273
44	183
44	217
44	177
44	172
44	229
44	192
44	296
44	167
44	290
44	275
44	235
44	201
44	288
44	274
44	243
44	171
44	276
44	198
44	194
44	269
44	221
44	208
44	179
44	271
44	270
44	244
44	147
44	272
44	277
44	215
44	289
44	227
44	266
44	256
44	249
44	280
44	153
44	239
44	283
44	188
45	246
45	216
45	182
45	160
45	244
45	238
45	211
45	214
45	145
45	255
45	184
45	173
45	213
45	263
45	264
45	232
45	195
45	225
45	181
45	153
45	217
45	198
45	270
45	234
45	171
45	168
45	206
45	218
45	228
45	280
45	172
45	241
45	200
45	249
45	239
45	288
45	248
45	177
45	236
45	196
45	209
45	279
45	292
45	243
45	154
45	188
45	170
45	194
45	287
45	285
45	268
45	192
45	275
45	269
45	272
45	274
45	229
45	183
45	226
45	282
45	207
45	273
45	251
45	203
45	176
45	146
45	256
45	240
45	227
45	204
45	283
45	245
45	186
45	253
46	261
46	189
46	167
46	241
46	168
46	190
46	242
46	276
46	266
46	218
46	215
46	273
46	208
46	228
46	263
46	280
46	268
46	262
46	205
46	272
46	294
46	282
46	265
46	288
46	271
46	209
46	191
46	274
46	278
46	150
46	227
46	180
46	275
46	188
46	279
46	277
46	239
46	251
46	269
46	172
46	264
46	194
46	200
46	164
46	198
46	192
46	201
46	270
46	222
46	149
46	256
46	186
46	210
46	197
46	285
46	233
46	213
46	248
46	259
46	159
46	177
46	199
46	181
46	184
46	286
46	157
46	160
47	175
47	281
47	296
47	255
47	180
47	168
47	220
47	242
47	191
47	267
47	228
47	240
47	150
47	235
47	265
47	201
47	241
47	264
47	149
47	268
47	224
47	146
47	237
47	236
47	279
47	282
47	217
47	176
47	196
47	291
47	179
47	221
47	249
47	200
47	273
47	177
47	270
47	274
47	218
47	284
47	275
47	229
47	172
47	198
47	288
47	269
47	194
47	283
47	208
47	285
47	263
47	181
47	272
47	256
48	153
48	211
48	193
48	247
48	160
48	175
48	257
48	286
48	214
48	219
48	292
48	182
48	224
48	216
48	213
48	260
48	255
48	269
48	192
48	147
48	252
48	203
48	173
48	253
48	207
48	217
48	145
48	244
48	275
48	200
48	171
48	259
48	190
48	206
48	231
48	197
48	191
48	152
48	248
48	194
48	288
48	226
48	270
48	225
48	202
48	156
48	263
49	205
49	189
49	262
49	266
49	190
49	223
49	188
49	241
49	236
49	196
49	280
49	292
49	261
49	167
49	229
49	291
49	274
49	168
49	194
49	200
49	276
49	273
49	253
49	215
49	269
49	263
49	275
49	249
49	208
49	225
49	270
49	239
49	271
49	240
49	164
49	265
49	283
49	171
49	256
50	232
50	235
50	206
50	281
50	151
50	282
50	167
50	197
50	183
50	191
50	180
50	265
50	220
50	267
50	149
50	150
50	205
50	240
50	161
50	259
50	242
50	236
50	285
50	241
50	263
50	170
50	196
50	221
50	172
50	234
50	192
50	146
50	264
50	218
50	249
50	181
50	200
50	279
50	176
50	162
50	217
50	207
50	268
50	194
50	171
50	201
50	273
50	179
50	204
50	177
50	251
50	229
50	296
50	272
50	261
50	275
50	290
50	248
50	256
50	289
50	215
50	208
50	276
50	277
50	287
50	199
50	228
50	274
50	288
50	226
50	182
51	170
51	281
51	157
51	284
51	151
51	179
51	237
51	195
51	234
51	180
51	291
51	287
51	220
51	148
51	146
51	267
51	181
51	150
51	251
51	149
51	265
51	288
51	154
51	241
51	249
51	285
51	236
51	272
51	282
51	224
51	177
51	243
51	191
51	276
51	167
51	183
51	176
51	155
51	196
51	204
51	178
51	256
51	279
51	277
51	208
51	209
51	271
51	268
51	218
51	273
51	200
51	161
51	264
51	255
51	197
51	194
51	248
51	296
51	215
51	172
51	201
51	229
51	171
51	275
51	212
51	263
51	198
51	278
51	239
51	269
51	162
51	228
51	235
51	186
51	240
51	217
52	230
52	238
52	199
52	166
52	227
52	163
52	226
52	243
52	244
52	164
52	178
52	191
52	148
52	154
52	288
52	204
52	265
52	272
52	264
52	192
52	155
52	220
52	260
52	195
52	225
52	267
52	218
52	201
52	287
52	197
52	172
52	292
52	277
52	276
52	268
52	263
52	170
52	182
52	181
52	251
52	274
52	239
52	285
52	271
52	280
52	157
52	186
52	279
52	217
52	273
52	215
52	224
52	179
52	147
52	270
52	249
52	200
52	196
52	208
52	194
52	261
52	171
52	177
52	209
52	198
52	291
52	207
52	275
52	236
52	283
52	176
53	152
53	180
53	223
53	197
53	192
53	162
53	282
53	296
53	267
53	220
53	191
53	149
53	168
53	150
53	265
53	241
53	270
53	148
53	273
53	181
53	200
53	198
53	243
53	229
53	285
53	217
53	177
53	172
53	291
53	236
53	263
53	218
53	275
53	251
53	288
53	279
53	201
53	206
53	196
53	194
53	242
53	179
53	272
53	208
53	268
53	276
53	228
53	170
53	171
53	221
53	283
53	146
53	215
53	292
53	239
53	167
53	176
53	274
53	264
53	253
53	271
54	180
54	228
54	220
54	267
54	265
54	241
54	291
54	251
54	282
54	285
54	239
54	236
54	196
54	191
54	171
54	181
54	229
54	276
54	150
54	149
54	162
54	179
54	215
54	273
54	263
54	201
54	268
54	186
54	279
54	188
54	199
54	177
54	200
54	280
54	209
54	266
54	168
54	208
54	242
54	275
54	194
54	218
54	278
54	277
54	296
54	178
54	270
54	231
54	290
54	271
54	197
54	274
54	205
54	210
54	281
54	287
54	256
54	176
54	269
54	294
54	288
54	160
54	259
54	161
54	272
54	203
54	172
54	292
54	286
54	244
55	157
55	156
55	292
55	291
55	180
55	171
55	265
55	282
55	146
55	220
55	150
55	251
55	228
55	267
55	179
55	191
55	197
55	229
55	242
55	190
55	285
55	276
55	178
55	236
55	186
55	181
55	240
55	237
55	196
55	287
55	253
55	176
55	288
55	207
55	162
55	221
55	249
55	149
55	195
55	256
55	218
55	177
55	215
55	200
55	263
55	201
55	273
55	194
55	289
55	275
55	279
55	209
55	208
55	274
55	271
55	155
55	198
55	222
55	296
55	199
55	172
56	211
56	153
56	160
56	214
56	224
56	255
56	213
56	247
56	173
56	216
56	244
56	183
56	246
56	217
56	270
56	229
56	242
56	263
56	291
56	225
56	168
56	274
56	156
56	269
56	194
56	207
56	248
56	292
56	288
56	147
56	223
56	256
56	253
56	145
56	241
56	257
56	264
56	290
56	172
56	275
56	166
56	240
56	273
56	272
56	226
56	190
56	196
56	208
56	192
56	176
56	185
56	184
56	252
56	228
56	218
56	283
56	245
56	146
56	171
57	293
57	245
57	292
57	283
57	257
57	230
57	252
57	153
57	247
57	286
57	164
58	216
58	182
58	246
58	160
58	214
58	238
58	211
58	173
58	224
58	145
58	213
58	184
58	244
58	290
58	152
58	206
58	242
58	263
58	178
58	217
58	225
58	204
58	251
58	207
58	234
58	248
58	157
58	274
58	172
58	168
58	147
58	245
58	269
58	231
58	200
58	243
58	264
58	209
58	256
58	249
58	215
58	272
58	194
58	181
58	183
58	239
58	275
58	287
58	226
58	155
58	190
58	192
58	253
58	288
58	273
58	241
58	153
58	240
58	223
58	270
58	208
58	229
58	154
58	257
58	279
58	156
58	276
58	278
58	283
58	236
58	196
58	285
59	297
59	232
59	185
59	214
59	213
59	173
59	244
59	216
59	160
59	246
59	168
59	263
59	242
59	217
59	248
59	206
59	236
59	196
59	200
59	223
59	241
59	275
59	225
59	271
59	224
59	290
59	229
59	156
59	274
59	172
59	288
59	194
59	264
59	145
59	183
59	273
59	272
59	255
59	287
59	226
59	177
59	256
59	276
59	270
59	201
59	253
59	190
59	245
59	249
59	208
59	279
59	153
59	218
59	240
59	176
59	167
59	188
59	269
59	162
60	180
60	228
60	203
60	267
60	220
60	265
60	224
60	291
60	251
60	150
60	179
60	282
60	209
60	170
60	191
60	188
60	199
60	200
60	149
60	171
60	198
60	249
60	186
60	181
60	208
60	279
60	146
60	215
60	276
60	281
60	288
60	177
60	285
60	243
60	204
60	264
60	275
60	263
60	172
60	176
60	244
60	201
60	207
60	162
60	292
60	210
60	273
60	256
60	194
60	197
60	155
60	167
60	272
60	268
60	287
60	161
60	159
60	192
60	271
60	218
60	190
60	286
60	253
61	202
61	216
61	173
61	182
61	244
61	213
61	263
61	214
61	195
61	185
61	186
61	160
61	223
61	145
61	241
61	290
61	288
61	236
61	200
61	201
61	196
61	229
61	248
61	178
61	172
61	270
61	226
61	239
61	279
61	156
61	228
61	177
61	181
61	154
61	287
61	162
61	276
61	273
61	274
61	272
61	194
61	251
61	282
61	266
61	275
61	198
61	208
61	280
61	215
61	264
61	255
61	188
61	268
61	256
61	225
61	191
61	168
61	176
61	242
61	243
61	190
61	249
61	253
61	259
61	217
61	285
61	218
61	234
61	209
61	269
61	286
61	189
61	219
61	205
61	184
61	227
61	150
61	180
62	238
62	211
62	160
62	175
62	214
62	152
62	182
62	244
62	213
62	145
62	232
62	263
62	173
62	242
62	184
62	209
62	223
62	225
62	290
62	183
62	200
62	248
62	168
62	206
62	217
62	241
62	253
62	194
62	274
62	280
62	251
62	264
62	236
62	172
62	196
62	224
62	171
62	275
62	272
62	288
62	181
62	208
62	188
62	229
62	269
62	268
62	279
62	273
62	276
62	256
62	190
62	243
62	285
62	239
62	249
62	270
62	167
62	287
62	271
62	218
62	226
62	192
63	223
63	295
63	294
63	162
63	222
63	205
63	278
63	247
63	159
63	210
63	296
63	154
63	277
63	203
63	219
63	174
63	221
63	252
63	289
63	271
63	233
63	163
63	171
63	208
63	186
63	209
63	266
63	147
63	197
63	155
64	158
64	297
64	216
64	214
64	244
64	173
64	213
64	234
64	291
64	263
64	160
64	290
64	168
64	145
64	181
64	223
64	236
64	287
64	240
64	241
64	154
64	225
64	248
64	196
64	167
64	264
64	249
64	172
64	177
64	288
64	235
64	272
64	276
64	155
64	184
64	153
64	269
64	215
64	239
64	279
64	226
64	273
64	178
64	200
64	270
64	256
64	188
64	285
64	185
64	217
64	162
64	218
64	183
64	274
64	268
64	208
64	227
64	186
64	275
64	194
64	246
64	176
64	212
64	190
64	251
64	209
64	258
64	282
64	271
64	266
64	189
64	156
64	253
64	182
64	280
64	210
64	205
64	148
64	242
64	206
64	201
64	262
65	180
65	233
65	267
65	220
65	265
65	276
65	224
65	251
65	236
65	150
65	282
65	196
65	285
65	179
65	181
65	278
65	215
65	229
65	218
65	239
65	273
65	289
65	149
65	176
65	201
65	194
65	296
65	200
65	270
65	228
65	279
65	268
65	209
65	177
65	210
65	171
65	198
65	161
65	275
65	256
65	208
65	272
65	167
65	237
65	227
65	199
65	191
65	277
65	266
65	263
65	172
65	281
65	249
65	280
65	240
65	159
65	186
65	269
65	274
65	170
65	287
65	178
65	146
65	244
65	221
65	253
66	148
66	158
66	268
66	179
66	195
66	234
66	224
66	284
66	149
66	237
66	222
66	296
66	155
66	291
66	223
66	146
66	178
66	233
66	157
66	181
66	240
66	249
66	287
66	191
66	260
66	197
66	192
66	204
66	150
66	226
66	281
66	239
66	264
66	267
66	220
66	167
66	285
66	180
66	176
66	205
66	288
66	172
66	207
66	279
66	217
66	184
66	171
66	272
66	251
66	177
66	276
66	201
66	151
66	218
66	277
66	194
66	243
66	265
66	199
66	215
66	166
66	182
66	256
66	263
66	282
66	278
66	290
66	275
66	186
66	241
66	273
66	200
66	246
66	221
66	283
66	253
66	227
66	242
66	173
66	183
66	269
66	185
66	162
66	261
66	274
67	152
67	180
67	220
67	242
67	265
67	267
67	236
67	150
67	149
67	282
67	196
67	197
67	229
67	296
67	200
67	251
67	240
67	263
67	162
67	273
67	194
67	249
67	270
67	191
67	276
67	275
67	266
67	209
67	198
67	201
67	228
67	269
67	188
67	268
67	215
67	218
67	259
67	285
67	274
67	280
67	208
67	221
67	170
67	161
67	177
67	235
67	176
67	279
67	271
67	171
67	227
67	243
67	256
67	237
67	288
67	225
67	278
67	181
67	159
67	190
67	172
67	248
67	167
67	277
67	210
67	189
67	286
68	282
68	180
68	267
68	220
68	191
68	265
68	224
68	150
68	236
68	162
68	196
68	149
68	285
68	242
68	218
68	229
68	240
68	161
68	177
68	273
68	263
68	289
68	268
68	200
68	279
68	179
68	249
68	201
68	276
68	251
68	227
68	172
68	275
68	194
68	239
68	198
68	269
68	181
68	221
68	270
68	215
68	296
68	171
68	176
68	208
68	243
68	266
68	281
68	199
68	274
68	217
68	248
68	256
68	253
68	271
68	170
68	197
68	280
68	259
68	272
68	228
68	235
68	244
68	292
68	167
68	286
68	209
68	207
68	205
68	188
69	185
69	187
69	165
69	156
69	188
69	252
69	238
69	260
69	154
69	262
69	229
69	205
69	207
69	178
69	280
69	152
69	171
69	266
69	147
69	292
69	287
69	189
69	253
69	195
69	213
69	202
69	145
69	251
69	190
69	261
69	151
69	231
69	201
69	184
69	234
69	159
69	288
69	223
69	181
69	239
69	243
69	186
69	214
69	196
69	236
69	155
69	279
69	256
69	273
69	278
69	241
69	164
69	228
69	276
69	177
69	194
69	285
69	166
70	281
70	149
70	296
70	259
70	161
70	235
70	242
70	282
70	277
70	197
70	240
70	147
70	233
70	183
70	145
70	192
70	204
70	155
70	150
70	205
70	191
70	181
70	148
70	267
70	182
70	217
70	207
70	195
70	172
70	180
70	264
70	220
70	279
70	201
70	268
70	288
70	265
70	291
70	228
70	227
70	176
70	171
70	234
70	179
70	200
70	167
70	178
70	249
70	177
70	284
70	206
70	231
70	184
70	194
70	218
70	269
70	253
70	272
70	263
70	146
70	241
70	275
70	248
70	285
70	292
70	273
70	247
70	223
70	280
70	199
70	221
70	168
70	226
70	287
70	198
70	236
70	196
70	188
70	237
70	283
70	246
70	166
70	209
70	162
70	243
70	270
70	239
71	216
71	232
71	206
71	214
71	291
71	213
71	175
71	244
71	154
71	263
71	195
71	173
71	182
71	181
71	177
71	248
71	145
71	240
71	160
71	280
71	239
71	184
71	287
71	153
71	223
71	264
71	290
71	168
71	172
71	245
71	183
71	178
71	198
71	272
71	167
71	225
71	196
71	217
71	249
71	241
71	155
71	236
71	194
71	285
71	251
71	176
71	279
71	208
71	256
71	246
71	188
71	146
71	253
71	218
71	288
71	204
71	231
71	229
71	207
71	227
71	276
71	200
71	243
71	234
71	273
71	271
71	274
71	226
71	268
71	275
71	171
71	186
71	166
71	179
71	262
71	269
71	156
71	209
71	215
71	221
71	277
71	147
71	212
72	243
72	188
72	281
72	166
72	199
72	271
72	296
72	161
72	149
72	282
72	180
72	148
72	197
72	191
72	200
72	247
72	267
72	242
72	288
72	251
72	220
72	150
72	270
72	272
72	241
72	208
72	194
72	268
72	227
72	171
72	265
72	275
72	172
72	164
72	279
72	155
72	274
72	253
72	201
72	217
72	273
72	285
72	263
72	162
72	198
72	269
72	179
72	276
72	181
72	248
72	226
72	218
72	280
72	236
72	277
72	283
72	173
72	289
72	212
72	196
72	215
72	264
72	207
72	182
72	225
72	186
73	180
73	282
73	220
73	265
73	267
73	241
73	236
73	162
73	150
73	196
73	285
73	251
73	161
73	191
73	263
73	212
73	188
73	149
73	200
73	274
73	194
73	273
73	276
73	215
73	268
73	271
73	266
73	289
73	177
73	218
73	243
73	199
73	168
73	201
73	239
73	209
73	275
73	280
73	208
73	181
73	256
73	186
73	197
73	227
73	205
73	269
73	279
73	278
73	235
73	198
73	270
73	228
73	167
73	244
73	171
73	296
73	249
74	158
74	185
74	174
74	216
74	290
74	177
74	153
74	157
74	202
74	173
74	178
74	244
74	255
74	145
74	246
74	156
74	233
74	186
74	195
74	155
74	234
74	260
74	287
74	154
74	204
74	258
74	148
74	147
74	179
74	284
74	214
74	152
74	191
74	171
74	237
74	213
74	257
74	206
74	172
74	201
74	146
74	240
74	263
74	249
74	184
74	251
74	256
74	232
74	285
74	231
74	176
74	181
74	291
74	248
74	165
74	265
74	239
74	166
74	222
74	220
74	229
74	253
74	280
74	288
74	277
74	278
74	267
74	271
74	272
74	279
74	276
74	215
74	226
74	268
74	208
74	243
74	261
74	196
74	207
74	194
74	236
74	209
74	264
75	238
75	202
75	232
75	224
75	244
75	213
75	214
75	184
75	181
75	173
75	263
75	168
75	206
75	240
75	239
75	256
75	186
75	145
75	160
75	290
75	280
75	234
75	287
75	177
75	248
75	236
75	225
75	288
75	241
75	218
75	196
75	201
75	251
75	154
75	194
75	285
75	172
75	178
75	167
75	264
75	291
75	231
75	249
75	228
75	229
75	176
75	242
75	146
75	279
75	153
75	226
75	245
75	227
75	183
75	208
75	190
75	216
75	217
75	268
75	282
75	200
75	265
75	275
75	221
75	273
75	276
75	191
75	185
75	274
75	246
75	195
75	212
75	209
75	188
75	210
76	231
76	258
76	174
76	158
76	257
76	260
76	163
76	259
76	286
76	147
76	247
76	245
76	294
76	283
76	164
76	165
76	219
76	145
77	230
77	183
77	260
77	158
77	202
77	222
77	166
77	226
77	231
77	207
77	247
77	238
77	225
77	184
77	257
77	195
77	234
77	199
77	255
77	221
77	203
77	147
77	227
77	173
77	192
77	271
77	164
77	268
77	292
77	198
77	249
77	287
77	243
77	178
77	156
77	259
77	239
77	217
77	206
77	269
77	163
77	204
77	253
77	275
77	154
77	274
77	172
77	252
77	200
77	145
77	194
77	264
77	219
77	272
77	279
77	185
77	233
77	266
77	148
77	277
77	186
77	197
77	256
77	171
77	190
77	218
77	201
77	196
77	273
77	242
77	294
77	284
77	237
77	280
77	288
77	285
77	177
77	229
77	267
77	157
78	210
78	159
78	297
78	252
78	152
78	295
78	219
78	154
78	289
78	278
78	262
78	209
78	163
78	208
78	233
78	256
78	187
78	151
78	228
78	155
79	233
79	193
79	294
79	154
79	295
79	210
79	252
79	157
79	159
79	262
79	278
79	174
79	219
79	186
79	251
79	156
79	215
79	178
79	289
79	292
79	184
79	239
79	222
79	208
79	276
79	209
79	234
80	238
80	151
80	224
80	150
80	179
80	171
80	186
80	251
80	249
80	194
80	210
80	228
80	282
80	215
80	209
80	279
80	287
80	285
80	219
80	204
80	256
80	176
80	159
80	253
80	286
80	163
80	276
80	191
80	273
80	275
81	173
81	258
81	213
81	244
81	242
81	246
81	280
81	216
81	168
81	172
81	201
81	241
81	236
81	253
81	156
81	248
81	270
81	200
81	229
81	196
81	182
81	226
81	225
81	269
81	272
81	239
81	263
81	274
81	275
81	160
81	273
81	279
81	290
81	185
81	264
81	217
81	208
81	287
81	194
81	190
81	256
81	240
81	214
81	148
81	271
81	178
81	255
81	276
81	243
81	215
81	268
81	282
81	186
81	176
82	174
82	295
82	260
82	278
82	147
82	257
82	156
82	233
82	294
82	228
82	159
82	185
82	155
82	221
82	162
82	207
82	256
82	229
82	266
82	165
82	289
82	252
82	224
82	154
82	249
82	178
82	291
82	195
82	201
82	168
82	190
82	240
82	265
82	223
82	186
82	239
82	204
82	220
82	274
82	146
82	215
82	287
82	276
82	176
82	209
82	272
82	271
82	267
82	231
82	210
82	251
83	187
83	266
83	262
83	261
83	189
83	223
83	151
83	221
83	241
83	239
83	243
83	280
83	164
83	224
83	273
83	236
83	225
83	162
83	292
83	196
83	242
83	229
83	188
83	167
83	276
83	289
83	230
83	190
83	275
83	226
83	198
83	194
83	200
83	279
83	215
83	227
83	274
83	253
83	201
83	210
83	251
83	208
84	175
84	284
84	237
84	151
84	177
84	234
84	149
84	269
84	148
84	165
84	147
84	195
84	157
84	155
84	179
84	222
84	297
84	296
84	258
84	271
84	259
84	170
84	291
84	146
84	204
84	255
84	145
84	178
84	277
84	287
84	198
84	261
84	184
84	281
84	197
84	174
84	192
84	235
84	199
84	248
84	275
84	242
84	182
84	150
84	268
84	176
84	264
84	217
84	249
84	181
84	260
84	207
84	173
84	279
84	288
84	172
84	191
84	231
84	201
84	171
84	285
84	257
84	200
84	292
84	152
84	253
84	267
84	240
84	205
84	233
84	256
84	272
84	239
84	185
84	167
84	166
84	206
84	218
84	190
84	220
84	183
84	194
84	180
84	226
84	168
84	251
84	246
84	202
84	276
84	286
84	270
84	228
84	273
84	227
84	280
84	161
84	186
84	243
84	263
84	265
84	223
84	282
84	252
84	274
84	215
84	221
84	208
84	203
84	159
84	241
85	167
85	224
85	232
85	239
85	262
85	261
85	252
85	236
85	241
85	235
85	251
85	189
85	196
85	215
85	276
85	266
85	186
85	192
85	271
85	209
85	190
85	272
85	181
85	277
85	279
85	171
85	273
85	269
85	162
85	210
85	288
85	253
85	231
85	240
85	264
85	212
85	159
85	188
85	263
85	278
85	268
85	168
85	265
85	183
85	206
85	242
85	227
85	198
85	256
85	184
85	203
85	172
85	259
85	228
85	237
85	205
85	187
85	219
85	285
85	287
85	170
85	201
85	194
85	176
86	187
86	261
86	266
86	152
86	262
86	232
86	151
86	291
86	239
86	265
86	220
86	267
86	236
86	189
86	188
86	218
86	196
86	229
86	206
86	273
86	208
86	162
86	276
86	215
86	285
86	205
86	268
86	198
86	279
86	207
86	251
86	271
86	280
86	209
86	201
86	272
86	199
86	191
86	167
86	263
86	282
86	221
86	164
86	176
86	177
86	242
86	275
86	150
86	186
86	288
86	277
86	210
86	190
86	172
86	194
86	146
86	227
86	274
86	200
86	225
86	226
86	159
86	180
86	231
86	256
86	287
86	294
86	230
86	219
86	192
87	238
87	191
87	241
87	164
87	220
87	168
87	259
87	243
87	230
87	268
87	285
87	269
87	244
87	276
87	227
87	170
87	166
87	270
87	228
87	208
87	160
87	235
87	278
87	194
87	205
87	188
87	146
87	273
87	277
87	272
87	215
87	282
87	271
87	248
87	181
87	175
87	209
87	226
87	148
87	274
87	275
87	225
87	161
87	255
87	186
87	251
87	264
87	239
87	286
87	218
87	182
87	163
87	192
87	198
87	246
87	184
87	177
87	157
87	197
87	172
87	263
88	189
88	266
88	262
88	190
88	261
88	241
88	223
88	229
88	224
88	236
88	188
88	162
88	196
88	273
88	215
88	218
88	167
88	276
88	191
88	200
88	194
88	205
88	280
88	255
88	208
88	274
88	275
88	168
88	150
88	265
88	242
88	164
88	209
88	271
88	282
88	269
88	180
88	251
88	225
88	256
88	270
88	289
88	219
88	213
89	297
89	278
89	295
89	233
89	294
89	289
89	213
89	215
89	291
89	162
89	239
89	205
89	280
89	265
89	288
89	274
89	251
89	209
89	220
89	270
89	249
89	290
89	156
89	221
89	271
89	267
89	276
89	277
89	154
89	263
89	178
89	188
89	208
89	210
89	218
89	229
89	241
89	190
89	272
89	186
89	262
89	196
89	236
89	234
89	155
89	168
89	273
89	159
89	248
89	285
89	192
89	242
89	268
89	176
89	222
89	275
89	240
90	191
90	235
90	220
90	180
90	288
90	267
90	240
90	242
90	265
90	146
90	150
90	241
90	284
90	270
90	170
90	224
90	236
90	201
90	282
90	149
90	291
90	176
90	196
90	296
90	285
90	218
90	221
90	177
90	268
90	179
90	273
90	255
90	228
90	269
90	198
90	172
90	200
90	279
90	263
90	275
90	161
90	276
90	181
90	194
90	243
90	249
90	167
90	289
90	215
90	205
90	287
90	264
90	151
90	274
90	266
90	186
90	217
90	208
90	230
90	256
90	280
90	168
90	272
90	207
90	259
90	213
90	190
91	238
91	297
91	281
91	296
91	203
91	157
91	291
91	180
91	220
91	267
91	191
91	240
91	179
91	282
91	150
91	239
91	251
91	181
91	272
91	265
91	241
91	285
91	231
91	146
91	155
91	276
91	243
91	234
91	271
91	236
91	228
91	196
91	207
91	290
91	287
91	279
91	149
91	277
91	278
91	215
91	148
91	177
91	147
91	288
91	221
91	249
91	273
91	268
91	176
91	237
91	178
91	171
91	242
91	256
91	208
91	229
91	172
91	201
91	199
91	186
91	264
91	263
91	218
91	194
91	275
91	198
91	167
91	274
91	195
91	283
91	255
92	146
92	159
92	296
92	208
92	209
92	215
92	233
92	221
92	295
92	150
92	291
92	180
92	154
92	210
92	251
92	284
92	285
92	278
92	237
92	276
92	220
92	289
92	179
92	171
92	270
92	267
92	240
92	256
92	176
93	261
93	205
93	189
93	167
93	262
93	242
93	190
93	241
93	236
93	224
93	196
93	273
93	168
93	239
93	266
93	218
93	229
93	276
93	251
93	188
93	215
93	263
93	280
93	274
93	271
93	228
93	208
93	268
93	265
93	279
93	264
93	282
93	275
93	209
93	163
93	200
93	272
93	177
93	227
93	194
93	198
93	210
93	150
93	285
93	191
93	269
93	164
93	180
93	256
93	156
93	170
93	159
93	186
93	235
93	187
93	172
93	225
93	201
93	270
93	259
94	151
94	237
94	180
94	191
94	197
94	220
94	181
94	267
94	200
94	265
94	242
94	236
94	235
94	282
94	240
94	241
94	150
94	149
94	224
94	196
94	218
94	263
94	275
94	285
94	194
94	161
94	227
94	249
94	296
94	268
94	206
94	177
94	243
94	226
94	229
94	201
94	279
94	239
94	205
94	273
94	171
94	176
94	217
94	146
94	289
94	167
94	172
94	288
94	199
94	277
94	256
94	269
94	186
94	274
94	170
94	208
94	276
94	148
94	270
94	280
94	198
94	215
94	185
94	207
94	283
95	193
95	281
95	175
95	179
95	191
95	284
95	248
95	220
95	242
95	267
95	148
95	296
95	204
95	181
95	183
95	180
95	287
95	249
95	149
95	177
95	150
95	228
95	240
95	201
95	218
95	199
95	170
95	288
95	279
95	207
95	146
95	264
95	285
95	268
95	265
95	237
95	234
95	282
95	172
95	171
95	251
95	176
95	217
95	236
95	192
95	196
95	182
95	224
95	227
95	246
95	151
95	184
95	280
95	239
95	273
95	194
95	256
95	291
95	157
95	162
95	166
95	243
95	283
95	168
95	226
95	272
95	209
95	269
95	178
95	253
95	161
95	274
95	275
95	200
96	222
96	202
96	221
96	226
96	225
96	292
96	166
96	168
96	164
96	259
96	230
96	213
96	227
96	242
96	151
96	266
96	190
96	206
96	146
96	217
96	183
96	288
96	243
96	163
96	280
96	272
96	274
96	162
96	219
96	270
96	186
96	273
96	275
96	257
96	229
96	194
96	198
96	218
96	203
96	200
96	241
96	283
96	276
96	172
97	161
97	232
97	235
97	281
97	206
97	282
97	151
97	152
97	221
97	248
97	197
97	242
97	183
97	233
97	240
97	220
97	180
97	181
97	296
97	265
97	149
97	261
97	249
97	228
97	267
97	191
97	218
97	150
97	177
97	234
97	285
97	263
97	288
97	167
97	172
97	279
97	247
97	270
97	280
97	146
97	207
97	264
97	241
97	274
97	256
97	192
97	196
97	171
97	236
97	204
97	176
97	188
97	201
97	170
97	212
97	200
97	215
97	184
97	224
97	237
97	268
97	194
97	287
97	217
97	251
97	179
97	273
97	275
97	147
97	148
97	272
97	269
97	283
97	291
97	159
97	162
98	281
98	162
98	295
98	180
98	265
98	282
98	220
98	267
98	241
98	288
98	200
98	236
98	150
98	251
98	149
98	263
98	285
98	270
98	191
98	196
98	197
98	289
98	209
98	194
98	229
98	218
98	273
98	249
98	177
98	215
98	221
98	188
98	276
98	275
98	268
98	198
98	161
98	256
98	201
98	208
98	181
98	279
98	179
98	205
98	146
98	248
98	171
98	266
98	274
98	235
98	168
98	172
98	292
98	269
98	210
98	186
98	278
98	243
98	244
98	280
98	277
98	217
98	176
99	180
99	220
99	267
99	265
99	296
99	241
99	150
99	209
99	196
99	282
99	200
99	291
99	236
99	149
99	243
99	263
99	275
99	273
99	268
99	270
99	198
99	274
99	208
99	221
99	162
99	191
99	194
99	218
99	197
99	167
99	276
99	173
99	190
99	283
99	266
99	177
99	215
99	235
100	245
100	290
100	169
100	214
100	211
100	280
100	165
100	154
100	257
100	258
100	252
100	231
100	185
100	247
100	156
100	145
100	286
100	207
100	160
100	255
100	213
100	204
100	219
100	152
100	253
100	224
100	259
100	260
100	177
100	216
100	251
100	181
100	262
100	178
100	159
100	147
100	184
100	292
100	269
100	233
100	229
100	239
100	173
100	182
100	287
100	192
100	155
100	195
100	198
100	270
100	275
100	171
100	217
100	249
100	190
100	205
100	200
100	234
100	263
100	202
100	291
100	274
100	272
100	186
100	194
100	153
101	232
101	187
101	262
101	189
101	266
101	261
101	167
101	209
101	188
101	241
101	224
101	280
101	190
101	273
101	243
101	168
101	196
101	236
101	205
101	218
101	229
101	215
101	191
101	276
101	239
101	264
101	208
101	271
101	240
101	279
101	282
101	270
101	200
101	194
101	263
101	268
101	274
101	235
101	242
101	265
101	171
101	150
101	253
101	160
101	288
101	201
101	255
101	275
101	259
101	272
101	180
101	161
101	159
101	256
101	285
101	170
101	164
101	186
101	277
101	176
101	172
101	251
101	149
101	162
101	199
101	184
101	210
101	249
101	287
101	228
101	269
102	238
102	199
102	163
102	261
102	189
102	164
102	239
102	227
102	241
102	188
102	288
102	224
102	292
102	236
102	230
102	196
102	262
102	243
102	226
102	166
102	225
102	271
102	229
102	204
102	273
102	191
102	240
102	181
102	275
102	200
102	274
102	235
102	162
102	270
102	259
102	264
102	283
102	255
102	266
102	268
102	276
102	280
103	162
103	295
103	152
103	197
103	224
103	209
103	242
103	289
103	270
103	147
103	180
103	263
103	221
103	251
103	278
103	205
103	218
103	150
103	168
103	241
103	190
103	282
103	273
103	274
103	188
103	200
103	275
103	208
103	272
103	248
103	149
103	229
103	271
103	269
103	189
103	194
103	198
103	268
103	243
103	276
103	196
103	204
103	236
103	283
103	240
103	217
103	192
103	215
103	173
103	285
104	170
104	191
104	151
104	232
104	255
104	199
104	296
104	177
104	284
104	212
104	224
104	195
104	220
104	180
104	198
104	206
104	264
104	167
104	267
104	181
104	179
104	265
104	197
104	150
104	268
104	149
104	218
104	192
104	272
104	263
104	288
104	234
104	201
104	282
104	172
104	279
104	217
104	287
104	146
104	246
104	182
104	168
104	249
104	207
104	285
104	240
104	241
104	162
104	243
104	261
104	200
104	277
104	148
104	273
104	194
104	236
104	227
104	196
104	237
104	166
104	275
104	239
104	270
104	226
104	176
104	269
104	292
104	291
104	276
104	161
104	283
104	256
104	183
104	157
104	274
104	228
104	242
104	253
104	171
104	289
104	244
104	221
104	208
105	158
105	238
105	155
105	291
105	203
105	163
105	243
105	232
105	227
105	178
105	148
105	265
105	220
105	164
105	226
105	251
105	223
105	154
105	225
105	242
105	267
105	288
105	166
105	230
105	196
105	276
105	236
105	239
105	224
105	199
105	146
105	285
105	209
105	240
105	255
105	194
105	277
105	221
105	287
105	208
105	274
105	186
105	201
105	176
105	215
105	210
105	157
105	171
105	256
105	229
105	271
105	273
106	193
106	235
106	281
106	277
106	180
106	220
106	267
106	265
106	168
106	296
106	240
106	150
106	200
106	264
106	273
106	236
106	285
106	224
106	183
106	149
106	146
106	263
106	167
106	196
106	279
106	162
106	176
106	194
106	201
106	268
106	275
106	228
106	181
106	242
106	179
106	282
106	272
106	276
106	221
106	243
106	191
106	208
106	229
106	192
106	269
106	218
106	172
106	177
106	288
106	217
106	198
106	274
106	251
106	249
106	215
106	171
106	278
106	283
106	256
107	175
107	206
107	199
107	232
107	163
107	203
107	166
107	243
107	148
107	272
107	183
107	265
107	231
107	164
107	217
107	167
107	280
107	226
107	181
107	267
107	227
107	288
107	171
107	220
107	268
107	147
107	239
107	256
107	251
107	191
107	264
107	172
107	178
107	200
107	246
107	192
107	242
107	273
107	234
107	260
107	225
107	230
107	279
107	241
107	263
107	196
107	275
107	208
107	271
107	274
107	236
107	228
107	276
107	285
107	194
107	287
107	186
107	224
107	277
107	249
107	290
107	201
107	179
107	218
107	269
107	270
107	204
107	176
107	182
107	215
108	244
108	246
108	211
108	145
108	232
108	291
108	167
108	152
108	214
108	213
108	206
108	173
108	263
108	177
108	264
108	234
108	239
108	290
108	181
108	195
108	160
108	287
108	168
108	231
108	241
108	172
108	248
108	218
108	204
108	191
108	235
108	178
108	196
108	236
108	280
108	224
108	288
108	155
108	225
108	184
108	228
108	226
108	199
108	268
108	272
108	245
108	279
108	154
108	200
108	242
108	249
108	194
108	188
108	227
108	217
108	273
108	285
108	183
108	282
108	261
108	170
108	274
108	253
108	265
108	190
108	215
108	243
108	276
108	275
108	255
108	240
108	269
108	185
108	256
108	176
108	198
108	278
108	162
108	182
108	208
108	216
108	207
108	205
108	192
108	271
109	232
109	235
109	281
109	282
109	152
109	291
109	161
109	206
109	191
109	149
109	162
109	180
109	197
109	220
109	265
109	181
109	177
109	179
109	267
109	150
109	249
109	296
109	233
109	290
109	288
109	234
109	240
109	285
109	218
109	146
109	236
109	239
109	224
109	248
109	279
109	200
109	263
109	268
109	170
109	275
109	196
109	256
109	273
109	172
109	221
109	287
109	194
109	272
109	277
109	217
109	242
109	176
109	215
109	204
109	186
109	270
109	201
109	155
109	276
109	171
109	229
109	205
109	183
109	227
109	289
109	167
109	283
110	161
110	281
110	259
110	296
110	202
110	211
110	248
110	258
110	277
110	149
110	282
110	255
110	150
110	155
110	204
110	186
110	175
110	197
110	152
110	291
110	145
110	171
110	201
110	221
110	177
110	217
110	253
110	267
110	279
110	147
110	179
110	270
110	207
110	191
110	242
110	198
110	146
110	180
110	249
110	240
110	192
110	269
110	176
110	237
110	220
110	172
110	272
110	233
110	162
110	280
110	273
110	218
110	194
110	184
110	256
110	288
110	268
110	168
110	251
110	275
110	231
110	148
110	264
110	183
110	241
110	159
110	274
110	286
110	265
110	283
110	292
110	181
110	215
111	169
111	158
111	289
111	222
111	152
111	294
111	228
111	238
111	297
111	151
111	147
111	210
111	219
111	199
111	163
111	203
111	159
111	258
111	233
111	286
111	255
111	178
111	295
111	185
111	221
111	205
111	154
111	291
111	157
111	271
111	184
111	204
111	145
111	208
111	270
111	278
112	211
112	290
112	160
112	173
112	202
112	244
112	214
112	213
112	263
112	216
112	223
112	162
112	241
112	236
112	275
112	224
112	156
112	225
112	196
112	218
112	248
112	240
112	229
112	291
112	200
112	245
112	145
112	186
112	168
112	194
112	274
112	253
112	147
112	146
112	176
112	271
112	181
112	154
112	273
112	255
112	221
112	208
112	230
112	167
112	188
112	270
112	276
112	204
112	287
112	191
112	190
112	172
112	226
112	198
112	215
112	268
112	201
112	279
112	150
112	283
113	297
113	243
113	166
113	199
113	220
113	265
113	267
113	241
113	209
113	236
113	164
113	288
113	196
113	255
113	200
113	229
113	227
113	273
113	226
113	201
113	162
113	194
113	275
113	259
113	191
113	276
113	268
113	225
113	272
113	205
113	185
113	215
113	172
113	208
113	266
113	188
113	228
113	271
113	282
113	186
113	280
113	168
113	218
113	274
113	242
113	251
113	249
113	263
113	217
113	269
113	180
113	285
113	148
113	244
113	256
113	189
113	279
113	161
113	167
113	286
113	150
113	170
113	230
113	270
113	289
113	240
113	171
113	277
113	181
114	216
114	211
114	224
114	182
114	160
114	244
114	213
114	246
114	232
114	168
114	214
114	248
114	145
114	263
114	177
114	236
114	225
114	241
114	196
114	173
114	153
114	200
114	270
114	188
114	199
114	290
114	264
114	206
114	198
114	226
114	217
114	194
114	282
114	273
114	186
114	209
114	239
114	172
114	275
114	227
114	274
114	208
114	167
114	276
114	215
114	218
114	266
114	255
114	268
114	181
114	265
114	256
114	249
114	279
114	269
114	242
114	251
114	285
114	183
114	164
114	201
114	280
114	190
114	243
114	230
114	189
114	180
114	253
114	161
114	176
114	271
114	205
114	240
114	259
114	156
114	178
114	163
114	150
115	160
115	216
115	153
115	175
115	232
115	211
115	244
115	182
115	224
115	214
115	145
115	213
115	183
115	173
115	290
115	263
115	231
115	181
115	266
115	280
115	234
115	242
115	206
115	195
115	217
115	287
115	225
115	248
115	192
115	147
115	233
115	223
115	253
115	184
115	204
115	172
115	274
115	245
115	218
115	241
115	240
115	146
115	270
115	264
115	194
115	288
115	176
115	168
115	148
115	279
115	200
115	275
115	249
115	207
115	235
115	229
115	272
115	269
115	285
115	226
115	283
115	188
115	156
115	256
115	154
115	196
115	167
115	155
115	208
115	239
115	177
115	236
115	251
115	171
115	271
115	227
115	273
115	221
116	230
116	158
116	166
116	175
116	238
116	227
116	247
116	226
116	259
116	258
116	255
116	145
116	164
116	286
116	165
116	225
116	243
116	174
116	269
116	183
116	184
116	257
116	199
116	195
116	192
116	205
116	242
116	202
116	235
116	217
116	182
116	172
116	148
116	272
116	288
116	204
116	252
116	198
116	279
116	194
116	294
116	156
116	280
116	268
116	260
116	151
116	178
116	287
116	218
116	274
116	253
116	264
116	265
116	234
116	292
116	233
116	239
116	275
116	200
116	285
116	220
116	231
116	168
116	177
116	207
116	181
116	229
116	267
116	240
116	201
116	249
116	197
116	273
116	276
116	206
116	203
117	180
117	203
117	267
117	220
117	265
117	251
117	224
117	179
117	291
117	170
117	150
117	236
117	188
117	196
117	282
117	249
117	200
117	191
117	171
117	199
117	149
117	146
117	181
117	186
117	279
117	263
117	281
117	285
117	215
117	276
117	208
117	239
117	284
117	288
117	204
117	264
117	287
117	176
117	243
117	275
117	172
117	201
117	209
117	198
117	177
117	292
117	207
117	268
117	273
117	194
117	244
117	210
117	162
117	256
117	272
117	255
117	227
117	197
117	240
117	270
117	155
117	167
117	151
117	159
117	161
117	218
118	262
118	189
118	205
118	266
118	190
118	162
118	188
118	288
118	280
118	223
118	241
118	252
118	261
118	167
118	229
118	236
118	274
118	218
118	291
118	215
118	256
118	276
118	196
118	168
118	242
118	273
118	253
118	275
118	283
118	271
118	194
118	269
118	187
118	171
118	208
118	225
118	263
118	156
119	170
119	284
119	258
119	157
119	204
119	297
119	281
119	237
119	234
119	179
119	155
119	195
119	277
119	235
119	148
119	151
119	149
119	248
119	146
119	268
119	152
119	287
119	296
119	228
119	178
119	150
119	272
119	147
119	184
119	288
119	180
119	176
119	292
119	220
119	181
119	285
119	291
119	267
119	191
119	249
119	197
119	276
119	278
119	243
119	190
119	264
119	282
119	201
119	218
119	279
119	251
119	215
119	223
119	171
119	207
119	256
119	240
119	172
119	265
119	192
119	217
119	208
119	241
119	239
119	260
119	177
119	199
119	231
119	253
119	273
119	275
119	200
119	166
119	224
119	167
119	290
119	196
119	186
119	198
119	194
119	236
119	221
119	270
119	271
119	274
120	281
120	235
120	232
120	282
120	161
120	152
120	296
120	197
120	149
120	259
120	180
120	240
120	155
120	191
120	168
120	217
120	167
120	267
120	227
120	220
120	150
120	218
120	204
120	221
120	263
120	170
120	177
120	265
120	268
120	183
120	288
120	201
120	206
120	212
120	249
120	194
120	172
120	285
120	279
120	192
120	200
120	241
120	181
120	236
120	179
120	274
120	146
120	196
120	280
120	275
120	207
120	251
120	228
120	171
120	272
120	176
120	239
120	224
120	264
120	173
120	269
120	277
120	273
120	253
120	188
120	178
120	291
120	162
120	199
120	283
120	278
120	270
120	256
120	226
120	208
120	243
120	276
120	287
120	289
121	261
121	167
121	205
121	189
121	262
121	190
121	168
121	215
121	241
121	236
121	239
121	243
121	196
121	273
121	276
121	266
121	209
121	274
121	271
121	229
121	208
121	264
121	288
121	279
121	263
121	253
121	256
121	235
121	191
121	210
121	198
121	272
121	269
121	252
121	275
121	159
121	206
121	186
121	227
121	251
121	280
121	194
121	268
121	183
121	265
121	277
121	200
121	188
122	233
122	235
122	296
122	180
122	220
122	267
122	282
122	218
122	179
122	150
122	288
122	149
122	265
122	272
122	176
122	241
122	285
122	181
122	240
122	243
122	276
122	251
122	224
122	268
122	157
122	146
122	221
122	236
122	277
122	178
122	273
122	215
122	249
122	194
122	161
122	278
122	168
122	201
122	239
122	279
122	204
122	196
122	172
122	242
122	208
122	256
122	274
122	186
122	191
122	207
122	147
122	263
122	275
122	271
122	264
122	290
122	177
122	227
122	287
122	217
122	205
122	171
122	269
122	283
122	200
123	169
123	165
123	175
123	193
123	222
123	257
123	296
123	259
123	228
123	170
123	174
123	224
123	198
123	286
123	149
123	197
123	252
123	269
123	277
123	192
123	147
123	235
123	208
123	201
123	219
123	217
123	264
123	292
123	207
123	255
123	150
123	190
123	184
123	284
123	148
123	272
123	183
123	159
123	145
123	155
123	275
123	247
123	260
123	204
123	172
123	179
123	270
123	271
123	195
123	200
123	199
123	267
123	253
123	279
123	249
123	287
123	294
123	176
123	234
123	268
123	288
123	171
123	166
123	278
123	246
123	273
123	157
123	240
123	258
123	248
124	193
124	158
124	297
124	163
124	199
124	255
124	232
124	291
124	203
124	209
124	168
124	206
124	242
124	205
124	166
124	208
124	265
124	285
124	164
124	217
124	227
124	220
124	225
124	226
124	264
124	288
124	267
124	234
124	272
124	269
124	243
124	148
124	276
124	280
124	172
124	251
124	181
124	239
124	215
124	241
124	196
124	249
124	277
124	192
124	287
124	194
124	236
124	178
124	256
124	275
124	177
124	273
124	278
124	289
124	167
125	261
125	237
125	284
125	294
125	157
125	234
125	170
125	297
125	222
125	155
125	146
125	179
125	277
125	195
125	148
125	296
125	178
125	291
125	287
125	151
125	161
125	199
125	159
125	176
125	233
125	249
125	295
125	278
125	251
125	203
125	152
125	285
125	221
125	208
125	204
125	150
125	289
125	276
125	240
125	215
125	256
125	181
125	288
125	265
125	248
125	218
125	210
125	209
125	220
125	177
125	186
125	267
125	180
125	239
125	272
125	184
125	279
125	171
125	192
125	264
125	191
126	281
126	180
126	220
126	267
126	265
126	241
126	150
126	201
126	288
126	146
126	224
126	240
126	285
126	209
126	296
126	236
126	196
126	168
126	179
126	282
126	228
126	221
126	149
126	251
126	218
126	176
126	235
126	279
126	255
126	273
126	263
126	162
126	207
126	198
126	268
126	276
126	194
126	171
126	186
126	215
126	275
126	191
126	161
126	200
126	208
126	181
126	274
126	256
126	172
126	266
126	280
126	269
127	294
127	289
127	295
127	297
127	278
127	233
127	210
127	159
127	151
127	209
127	215
127	186
127	154
127	208
127	163
127	219
127	291
127	265
127	270
128	187
128	151
128	266
128	261
128	191
128	189
128	291
128	239
128	265
128	243
128	220
128	267
128	262
128	224
128	177
128	164
128	168
128	236
128	163
128	188
128	228
128	229
128	196
128	285
128	221
128	289
128	181
128	207
128	273
128	209
128	167
128	162
128	199
128	282
128	190
128	276
128	225
128	215
128	287
128	279
128	280
128	226
128	263
128	198
128	271
128	272
128	227
128	172
128	194
128	170
128	200
128	268
128	218
128	208
128	277
128	201
128	231
128	275
128	179
128	244
128	183
128	176
128	274
128	205
128	212
128	242
128	230
128	288
128	256
128	146
128	248
128	251
128	204
128	278
128	259
128	150
128	180
128	210
128	240
128	160
128	192
128	294
128	264
128	184
128	249
128	186
128	255
128	149
129	170
129	237
129	193
129	284
129	151
129	234
129	176
129	281
129	148
129	179
129	149
129	248
129	146
129	255
129	296
129	247
129	277
129	195
129	147
129	268
129	287
129	204
129	264
129	182
129	259
129	178
129	152
129	269
129	150
129	192
129	217
129	242
129	184
129	198
129	288
129	197
129	181
129	201
129	267
129	246
129	265
129	180
129	207
129	205
129	172
129	249
129	191
129	279
129	168
129	220
129	240
129	145
129	157
129	218
129	231
129	200
129	227
129	285
129	272
129	291
129	256
129	226
129	161
129	275
129	183
129	171
129	194
129	243
129	166
129	223
129	177
129	253
129	282
129	167
129	241
129	155
129	273
129	228
129	199
129	283
129	206
129	263
129	276
130	202
130	230
130	166
130	226
130	225
130	286
130	227
130	242
130	163
130	199
130	164
130	157
130	148
130	203
130	155
130	271
130	235
130	260
130	168
130	269
130	243
130	217
130	206
130	201
130	192
130	186
130	183
130	275
130	194
130	178
130	272
130	162
130	264
130	276
130	292
130	253
130	218
130	288
130	252
130	232
130	172
130	200
130	265
130	273
130	274
130	291
130	197
130	280
130	221
130	251
130	182
130	279
130	270
130	244
130	220
130	228
130	184
130	267
130	233
130	173
131	212
131	238
131	203
131	153
131	243
131	220
131	166
131	265
131	267
131	224
131	271
131	288
131	195
131	268
131	240
131	191
131	239
131	164
131	285
131	221
131	227
131	209
131	146
131	272
131	273
131	287
131	205
131	230
131	231
131	263
131	218
131	276
131	266
131	259
131	194
131	198
131	226
131	208
131	244
131	167
131	282
131	249
131	176
131	180
131	274
131	177
131	150
131	215
131	200
131	277
131	181
131	172
131	201
131	213
131	256
131	278
131	279
131	275
131	261
131	186
131	149
131	197
131	170
131	192
131	251
131	248
131	228
132	161
132	282
132	180
132	220
132	221
132	267
132	236
132	265
132	241
132	196
132	150
132	149
132	197
132	162
132	192
132	285
132	181
132	263
132	273
132	198
132	200
132	191
132	201
132	276
132	271
132	279
132	218
132	268
132	206
132	179
132	208
132	274
132	249
132	212
132	288
132	194
132	172
132	239
132	177
132	275
132	215
132	227
132	266
132	235
132	188
132	289
132	167
132	296
132	199
132	237
132	270
132	280
132	168
132	243
132	209
132	269
132	251
132	176
132	205
132	242
132	292
132	259
132	240
132	170
132	272
132	217
132	159
132	256
132	225
132	244
132	228
132	277
133	162
133	295
133	224
133	235
133	221
133	197
133	180
133	168
133	296
133	150
133	278
133	289
133	241
133	209
133	263
133	218
133	240
133	198
133	171
133	285
133	190
133	146
133	273
133	188
133	270
133	251
133	294
133	282
133	196
133	149
133	194
133	236
133	276
133	215
133	189
133	291
133	268
133	271
133	229
133	275
133	200
133	256
133	274
133	283
133	205
133	242
133	159
133	186
133	210
133	208
134	188
134	222
134	174
134	152
134	205
134	247
134	223
134	266
134	187
134	189
134	156
134	190
134	159
134	233
134	278
134	262
134	163
134	151
134	221
134	270
134	162
134	215
134	252
134	197
134	198
134	192
134	274
134	209
134	147
134	195
134	229
134	219
134	276
134	257
135	266
135	187
135	189
135	209
135	265
135	220
135	267
135	241
135	188
135	239
135	168
135	236
135	243
135	164
135	196
135	229
135	163
135	262
135	162
135	198
135	215
135	289
135	280
135	273
135	167
135	276
135	251
135	221
135	225
135	261
135	208
135	242
135	282
135	210
135	200
135	279
135	275
135	180
135	194
135	161
135	190
135	285
135	205
135	186
135	271
135	274
135	181
135	199
135	201
135	244
135	255
135	268
135	218
135	159
135	230
135	227
135	248
135	183
136	237
136	193
136	167
136	284
136	157
136	155
136	151
136	149
136	281
136	234
136	297
136	179
136	175
136	195
136	204
136	146
136	148
136	170
136	296
136	277
136	268
136	258
136	205
136	255
136	287
136	198
136	147
136	184
136	150
136	264
136	259
136	152
136	291
136	176
136	178
136	182
136	192
136	249
136	191
136	288
136	201
136	207
136	242
136	272
136	177
136	217
136	279
136	239
136	267
136	183
136	181
136	285
136	145
136	171
136	220
136	197
136	172
136	256
136	218
136	243
136	173
136	246
136	180
136	231
136	253
136	166
136	240
136	228
136	233
136	269
136	251
136	260
136	282
136	275
136	194
136	223
136	185
136	221
136	265
136	200
136	276
136	226
136	273
136	186
136	271
136	208
136	263
136	274
136	222
136	241
136	283
136	227
136	248
137	261
137	187
137	262
137	189
137	266
137	228
137	205
137	177
137	183
137	146
137	242
137	168
137	190
137	151
137	223
137	280
137	188
137	241
137	273
137	167
137	224
137	215
137	236
137	239
137	200
137	229
137	279
137	196
137	201
137	276
137	218
137	172
137	225
137	274
137	194
137	283
137	271
137	275
137	208
138	244
138	160
138	213
138	246
138	173
138	270
138	248
138	214
138	263
138	177
138	225
138	168
138	241
138	223
138	236
138	196
138	217
138	218
138	274
138	194
138	275
138	229
138	208
138	200
138	153
138	273
138	216
138	290
138	269
138	172
138	226
138	188
138	256
138	282
138	189
138	162
138	190
138	215
138	268
138	255
138	167
138	264
138	276
138	283
139	294
139	261
139	187
139	266
139	189
139	265
139	223
139	239
139	188
139	220
139	262
139	241
139	243
139	267
139	224
139	273
139	291
139	164
139	236
139	192
139	289
139	196
139	251
139	229
139	276
139	227
139	225
139	221
139	208
139	215
139	272
139	162
139	199
139	226
139	274
139	167
139	279
139	280
139	230
139	198
139	200
139	163
139	186
139	210
139	209
139	275
139	271
139	268
139	194
139	201
139	282
139	288
139	191
139	218
139	190
139	168
139	183
139	205
139	242
139	253
139	285
139	151
139	248
139	172
139	256
139	180
139	161
139	160
139	159
139	270
139	228
139	259
139	181
139	277
139	150
140	216
140	153
140	160
140	182
140	238
140	297
140	211
140	244
140	246
140	173
140	152
140	184
140	213
140	247
140	214
140	225
140	248
140	252
140	270
140	263
140	274
140	145
140	223
140	241
140	168
140	236
140	154
140	196
140	217
140	209
140	256
140	210
140	194
140	228
140	208
140	218
140	229
140	253
140	172
140	206
140	212
140	283
140	275
140	278
140	292
141	165
141	202
141	206
141	230
141	154
141	232
141	235
141	166
141	197
141	226
141	183
141	225
141	252
141	163
141	203
141	227
141	291
141	244
141	199
141	164
141	156
141	280
141	253
141	178
141	264
141	207
141	186
141	192
141	266
141	214
141	256
141	243
141	260
141	220
141	168
141	217
141	288
141	261
141	191
141	242
141	172
141	170
141	267
141	184
141	249
141	194
141	201
141	292
141	198
141	218
141	196
141	265
141	241
141	279
141	229
141	182
141	177
141	171
141	262
141	276
141	200
141	181
141	147
142	289
142	297
142	295
142	162
142	233
142	294
142	191
142	209
142	278
142	270
142	220
142	215
142	265
142	251
142	267
142	221
142	239
142	228
142	210
142	285
142	276
142	199
142	154
142	222
142	236
142	208
142	171
142	196
142	194
142	291
142	159
142	181
142	186
142	256
142	271
142	229
142	242
142	274
142	273
142	248
142	249
142	277
142	268
142	218
143	193
143	281
143	296
143	284
143	179
143	235
143	198
143	149
143	191
143	220
143	264
143	180
143	267
143	232
143	240
143	228
143	148
143	150
143	146
143	201
143	168
143	181
143	242
143	237
143	288
143	249
143	279
143	176
143	161
143	234
143	207
143	182
143	246
143	282
143	265
143	227
143	285
143	287
143	195
143	217
143	172
143	241
143	248
143	192
143	218
143	177
143	196
143	268
143	204
143	155
143	194
143	270
143	226
143	273
143	151
143	236
143	272
143	197
143	263
143	224
143	269
143	243
143	290
143	200
143	171
143	283
143	157
143	221
143	170
143	275
143	255
143	223
143	188
143	166
143	184
143	291
143	256
143	162
143	253
143	167
144	193
144	232
144	149
144	297
144	296
144	255
144	281
144	277
144	152
144	291
144	203
144	242
144	170
144	220
144	264
144	179
144	267
144	284
144	150
144	237
144	228
144	180
144	217
144	181
144	195
144	201
144	146
144	288
144	279
144	154
144	176
144	285
144	148
144	155
144	240
144	243
144	273
144	265
144	272
144	172
144	249
144	207
144	197
144	200
144	185
144	269
144	239
144	256
144	282
144	178
144	182
144	184
144	251
144	280
144	194
144	157
144	208
144	283
144	275
144	215
144	177
144	218
144	274
144	224
144	166
144	253
144	171
144	290
144	276
144	236
144	196
