1 1 
1 2 
1 3 
1 4 
1 5 
2 1 
2 6 
2 7 
2 8 
2 5 
3 9 
3 10 
4 9 
4 10 
4 4 
5 6 
5 11 
6 12 
6 6 
6 4 
7 13 
7 12 
7 14 
7 6 
7 4 
7 5 
8 1 
8 15 
8 7 
8 8 
8 3 
8 4 
8 16 
9 17 
9 2 
9 4 
9 5 
10 13 
10 14 
10 6 
10 4 
10 5 
10 16 
11 15 
11 17 
11 2 
11 8 
11 18 
11 5 
12 1 
12 15 
12 17 
12 2 
12 18 
12 4 
12 5 
13 9 
13 6 
13 7 
13 11 
13 19 
13 20 
13 18 
13 4 
13 5 
14 6 
14 17 
14 2 
14 20 
14 4 
14 5 
15 6 
15 2 
15 5 
16 21 
16 22 
16 6 
16 8 
16 3 
16 23 
16 4 
16 5 
16 24 
17 9 
17 6 
17 10 
18 21 
18 22 
18 18 
18 23 
18 24 
19 21 
19 6 
19 19 
20 1 
20 17 
20 18 
20 4 
20 5 
