1 43
1 53
1 78
1 113
1 125
1 129
1 146
1 174
1 262
1 509
1 531
1 539
1 716
1 979
43 1
43 4
43 6
43 16
43 26
43 49
43 52
43 64
43 75
43 76
43 78
43 88
43 91
43 94
43 99
43 100
43 112
43 113
43 116
43 125
43 129
43 130
43 137
43 140
43 141
43 142
43 146
43 154
43 155
43 159
43 160
43 161
43 172
43 174
43 193
43 203
43 211
43 216
43 217
43 219
43 221
43 228
43 230
43 247
43 250
43 254
43 255
43 256
43 262
43 264
43 273
43 280
43 282
43 286
43 287
43 295
43 305
43 308
43 317
43 323
43 325
43 395
43 397
43 405
43 410
43 428
43 436
43 439
43 440
43 443
43 446
43 447
43 448
43 449
43 453
43 454
43 457
43 460
43 470
43 472
43 480
43 491
43 499
43 502
43 505
43 507
43 508
43 509
43 520
43 524
43 526
43 530
43 531
43 533
43 539
43 548
43 564
43 566
43 579
43 583
43 592
43 593
43 600
43 602
43 603
43 604
43 606
43 614
43 617
43 619
43 627
43 630
43 633
43 640
43 648
43 650
43 654
43 662
43 665
43 676
43 682
43 684
43 685
43 687
43 697
43 699
43 713
43 714
43 716
43 905
43 979
53 1
53 61
53 78
53 113
53 146
53 531
53 539
53 716
53 90
53 544
78 1
78 7
78 26
78 43
78 47
78 53
78 61
78 62
78 63
78 76
78 90
78 91
78 94
78 113
78 125
78 129
78 130
78 146
78 159
78 160
78 174
78 192
78 216
78 219
78 255
78 262
78 280
78 282
78 291
78 308
78 317
78 318
78 395
78 397
78 440
78 447
78 448
78 449
78 470
78 477
78 480
78 491
78 507
78 509
78 520
78 531
78 533
78 539
78 551
78 563
78 564
78 566
78 579
78 583
78 587
78 593
78 598
78 602
78 617
78 619
78 630
78 633
78 654
78 665
78 684
78 716
78 877
78 905
78 920
78 937
78 979
78 995
113 1
113 4
113 26
113 28
113 32
113 43
113 45
113 49
113 50
113 53
113 54
113 64
113 74
113 75
113 76
113 77
113 78
113 82
113 88
113 90
113 91
113 94
113 99
113 100
113 112
113 116
113 119
113 125
113 129
113 130
113 131
113 137
113 138
113 141
113 146
113 155
113 156
113 159
113 160
113 166
113 172
113 174
113 193
113 203
113 209
113 216
113 219
113 225
113 228
113 230
113 239
113 252
113 254
113 255
113 256
113 262
113 264
113 273
113 280
113 282
113 286
113 295
113 307
113 308
113 317
113 323
113 325
113 391
113 393
113 395
113 397
113 405
113 410
113 414
113 420
113 432
113 440
113 446
113 447
113 448
113 449
113 450
113 454
113 460
113 468
113 470
113 472
113 491
113 493
113 499
113 502
113 505
113 507
113 509
113 512
113 520
113 524
113 531
113 533
113 534
113 535
113 539
113 557
113 564
113 566
113 579
113 582
113 583
113 591
113 592
113 593
113 597
113 600
113 602
113 603
113 604
113 606
113 614
113 617
113 619
113 620
113 630
113 633
113 640
113 645
113 648
113 654
113 662
113 665
113 682
113 684
113 685
113 687
113 689
113 690
113 697
113 702
113 716
113 841
113 905
113 920
113 979
113 995
113 998
113 1019
125 1
125 26
125 43
125 49
125 54
125 76
125 78
125 90
125 91
125 94
125 113
125 116
125 100
125 129
125 130
125 141
125 146
125 155
125 159
125 160
125 174
125 199
125 216
125 219
125 221
125 228
125 254
125 255
125 262
125 264
125 280
125 282
125 308
125 317
125 325
125 393
125 395
125 397
125 405
125 432
125 440
125 446
125 447
125 448
125 449
125 468
125 470
125 472
125 480
125 491
125 507
125 509
125 520
125 531
125 533
125 539
125 564
125 566
125 579
125 583
125 593
125 604
125 606
125 614
125 619
125 654
125 665
125 682
125 684
125 697
125 716
125 905
125 979
129 1
129 16
129 17
129 26
129 43
129 52
129 64
129 76
129 78
129 91
129 94
129 99
129 100
129 112
129 113
129 114
129 116
129 125
129 130
129 141
129 142
129 146
129 155
129 159
129 160
129 174
129 205
129 211
129 216
129 217
129 219
129 247
129 255
129 256
129 262
129 264
129 266
129 270
129 280
129 286
129 287
129 305
129 308
129 325
129 395
129 397
129 405
129 410
129 425
129 428
129 440
129 443
129 447
129 448
129 449
129 470
129 472
129 480
129 491
129 492
129 507
129 509
129 520
129 529
129 530
129 531
129 533
129 539
129 548
129 564
129 579
129 583
129 592
129 593
129 599
129 602
129 604
129 614
129 617
129 619
129 642
129 648
129 654
129 665
129 676
129 684
129 685
129 697
129 716
129 979
146 1
146 4
146 26
146 43
146 45
146 49
146 52
146 53
146 54
146 62
146 64
146 76
146 78
146 91
146 94
146 99
146 100
146 112
146 113
146 114
146 116
146 119
146 125
146 129
146 130
146 137
146 141
146 155
146 159
146 160
146 172
146 174
146 203
146 216
146 219
146 228
146 252
146 254
146 255
146 256
146 262
146 264
146 280
146 282
146 286
146 295
146 308
146 317
146 323
146 325
146 393
146 395
146 397
146 405
146 410
146 440
146 446
146 447
146 448
146 449
146 460
146 468
146 470
146 472
146 480
146 491
146 499
146 502
146 507
146 509
146 520
146 524
146 531
146 533
146 539
146 564
146 566
146 579
146 583
146 592
146 593
146 602
146 603
146 604
146 606
146 614
146 617
146 619
146 630
146 633
146 648
146 654
146 662
146 665
146 682
146 684
146 685
146 687
146 689
146 697
146 716
146 905
146 979
174 1
174 26
174 37
174 43
174 45
174 50
174 54
174 61
174 64
174 75
174 76
174 78
174 91
174 94
174 100
174 113
174 116
174 125
174 129
174 130
174 131
174 132
174 141
174 146
174 155
174 159
174 160
174 172
174 192
174 199
174 203
174 216
174 219
174 221
174 228
174 252
174 254
174 255
174 256
174 262
174 264
174 280
174 282
174 308
174 325
174 391
174 393
174 395
174 397
174 405
174 432
174 440
174 446
174 447
174 448
174 449
174 450
174 454
174 464
174 468
174 470
174 472
174 480
174 491
174 507
174 509
174 520
174 524
174 531
174 533
174 534
174 539
174 545
174 564
174 566
174 579
174 581
174 583
174 592
174 593
174 602
174 606
174 610
174 614
174 617
174 619
174 633
174 640
174 654
174 665
174 682
174 684
174 690
174 697
174 716
174 905
174 910
174 920
174 979
174 1015
262 1
262 43
262 78
262 94
262 113
262 125
262 129
262 146
262 174
262 491
262 509
262 531
262 539
262 716
262 979
509 1
509 4
509 20
509 26
509 36
509 43
509 49
509 64
509 74
509 76
509 78
509 91
509 94
509 100
509 113
509 125
509 129
509 130
509 146
509 159
509 160
509 174
509 207
509 216
509 219
509 255
509 262
509 264
509 280
509 308
509 317
509 323
509 325
509 395
509 397
509 440
509 446
509 447
509 448
509 449
509 470
509 472
509 491
509 502
509 520
509 526
509 531
509 533
509 535
509 539
509 548
509 556
509 564
509 579
509 583
509 593
509 603
509 614
509 619
509 633
509 654
509 665
509 676
509 684
509 714
509 716
509 905
509 979
509 998
509 648
531 1
531 20
531 26
531 43
531 53
531 56
531 61
531 62
531 64
531 76
531 78
531 90
531 91
531 94
531 113
531 114
531 116
531 125
531 129
531 130
531 141
531 146
531 155
531 159
531 160
531 174
531 192
531 216
531 219
531 249
531 255
531 256
531 262
531 264
531 280
531 282
531 289
531 308
531 312
531 317
531 318
531 325
531 395
531 397
531 403
531 440
531 446
531 447
531 448
531 449
531 470
531 472
531 480
531 491
531 507
531 508
531 509
531 520
531 530
531 533
531 539
531 564
531 566
531 577
531 579
531 583
531 592
531 593
531 602
531 608
531 610
531 614
531 617
531 619
531 633
531 654
531 662
531 665
531 684
531 697
531 716
531 905
531 920
531 979
539 1
539 26
539 35
539 39
539 43
539 53
539 54
539 58
539 61
539 62
539 64
539 76
539 78
539 90
539 91
539 94
539 99
539 100
539 101
539 113
539 114
539 116
539 121
539 125
539 129
539 130
539 141
539 146
539 155
539 159
539 160
539 174
539 175
539 192
539 199
539 203
539 214
539 216
539 219
539 221
539 228
539 254
539 255
539 256
539 262
539 264
539 265
539 280
539 282
539 287
539 308
539 312
539 318
539 334
539 343
539 393
539 395
539 397
539 399
539 405
539 415
539 425
539 428
539 432
539 440
539 444
539 446
539 447
539 448
539 449
539 470
539 472
539 480
539 491
539 507
539 509
539 520
539 531
539 533
539 543
539 556
539 564
539 566
539 577
539 579
539 583
539 592
539 593
539 602
539 606
539 610
539 614
539 617
539 619
539 623
539 640
539 654
539 665
539 682
539 684
539 685
539 697
539 716
539 872
539 905
539 910
539 920
539 979
539 1015
716 1
716 26
716 43
716 49
716 53
716 61
716 64
716 70
716 72
716 76
716 78
716 90
716 91
716 94
716 99
716 100
716 113
716 114
716 116
716 125
716 129
716 130
716 141
716 146
716 155
716 159
716 160
716 172
716 174
716 216
716 219
716 254
716 255
716 256
716 262
716 264
716 280
716 282
716 286
716 289
716 305
716 308
716 318
716 325
716 395
716 397
716 425
716 428
716 440
716 444
716 446
716 447
716 448
716 449
716 453
716 460
716 470
716 472
716 491
716 502
716 507
716 509
716 520
716 524
716 530
716 531
716 533
716 539
716 564
716 566
716 579
716 583
716 592
716 593
716 600
716 602
716 604
716 608
716 610
716 614
716 617
716 619
716 623
716 630
716 633
716 654
716 662
716 665
716 684
716 697
716 877
716 905
716 920
716 979
716 995
979 1
979 26
979 32
979 43
979 49
979 76
979 78
979 94
979 100
979 113
979 125
979 129
979 130
979 146
979 155
979 159
979 160
979 174
979 216
979 219
979 228
979 250
979 254
979 262
979 264
979 273
979 280
979 308
979 395
979 397
979 446
979 447
979 448
979 449
979 470
979 472
979 491
979 509
979 520
979 531
979 533
979 535
979 539
979 564
979 579
979 583
979 593
979 602
979 614
979 617
979 619
979 630
979 654
979 665
979 684
979 716
979 807
979 841
979 847
979 855
979 877
979 900
979 905
979 920
979 937
979 940
979 944
979 947
979 948
979 950
979 961
979 965
979 973
979 981
979 995
979 998
979 1006
979 1015
979 1016
979 1018
979 1019
979 1023
979 1025
979 1029
979 1035
4 27
4 31
4 43
4 113
4 133
4 137
4 146
4 147
4 159
4 160
4 170
4 193
4 218
4 260
4 280
4 392
4 395
4 397
4 398
4 419
4 430
4 448
4 470
4 491
4 493
4 509
4 533
4 594
4 602
4 617
4 633
4 654
4 660
4 684
4 686
4 689
6 43
16 43
16 129
26 43
26 61
26 78
26 91
26 94
26 113
26 125
26 129
26 146
26 174
26 317
26 395
26 491
26 509
26 531
26 539
26 564
26 593
26 635
26 665
26 716
26 979
26 544
49 43
49 76
49 94
49 113
49 125
49 140
49 146
49 159
49 160
49 193
49 280
49 283
49 395
49 397
49 398
49 430
49 440
49 441
49 470
49 491
49 509
49 533
49 579
49 602
49 603
49 619
49 630
49 633
49 654
49 684
49 696
49 716
49 979
52 43
52 129
52 146
52 256
52 579
64 43
64 76
64 88
64 94
64 113
64 129
64 146
64 160
64 174
64 280
64 286
64 323
64 325
64 440
64 460
64 472
64 491
64 509
64 531
64 533
64 539
64 614
64 654
64 684
64 716
64 457
75 43
75 113
75 174
75 502
75 534
75 654
76 43
76 49
76 64
76 78
76 94
76 113
76 125
76 129
76 130
76 146
76 159
76 160
76 174
76 216
76 264
76 280
76 308
76 317
76 325
76 395
76 397
76 410
76 440
76 446
76 447
76 448
76 449
76 470
76 472
76 491
76 493
76 505
76 509
76 531
76 533
76 539
76 564
76 579
76 602
76 603
76 614
76 617
76 654
76 684
76 697
76 716
76 979
88 43
88 64
88 113
88 160
88 280
88 323
88 440
88 460
88 472
88 548
91 26
91 43
91 56
91 78
91 94
91 113
91 125
91 129
91 146
91 174
91 264
91 395
91 470
91 480
91 491
91 509
91 531
91 533
91 539
91 544
91 579
91 593
91 665
91 716
94 20
94 26
94 43
94 49
94 64
94 76
94 78
94 91
94 113
94 125
94 129
94 130
94 146
94 159
94 160
94 174
94 216
94 219
94 255
94 262
94 264
94 280
94 282
94 308
94 317
94 323
94 325
94 395
94 397
94 446
94 447
94 448
94 470
94 472
94 491
94 507
94 509
94 520
94 531
94 533
94 539
94 564
94 579
94 583
94 593
94 603
94 608
94 614
94 619
94 633
94 654
94 665
94 684
94 716
94 979
99 43
99 113
99 129
99 146
99 160
99 280
99 491
99 539
99 579
99 716
100 43
100 113
100 129
100 146
100 174
100 509
100 539
100 716
100 910
100 979
100 125
112 43
112 113
112 129
112 146
112 440
116 43
116 113
116 125
116 129
116 146
116 160
116 174
116 280
116 491
116 531
116 539
116 579
116 654
116 716
130 43
130 76
130 78
130 94
130 113
130 125
130 129
130 146
130 159
130 160
130 174
130 254
130 264
130 280
130 308
130 395
130 397
130 449
130 470
130 491
130 509
130 531
130 533
130 539
130 579
130 654
130 684
130 716
130 979
137 4
137 43
137 113
137 146
137 159
137 160
137 280
137 397
137 470
137 533
137 633
137 654
140 43
140 49
140 160
140 280
141 43
141 113
141 125
141 129
141 146
141 174
141 531
141 539
141 592
141 716
142 43
142 129
142 161
142 440
154 43
154 491
155 43
155 113
155 125
155 129
155 146
155 160
155 174
155 254
155 280
155 449
155 470
155 491
155 531
155 539
155 654
155 716
155 979
155 308
159 4
159 18
159 29
159 31
159 41
159 43
159 49
159 59
159 66
159 67
159 76
159 77
159 78
159 92
159 94
159 97
159 105
159 109
159 113
159 119
159 125
159 129
159 130
159 136
159 137
159 139
159 146
159 151
159 160
159 162
159 170
159 172
159 174
159 180
159 185
159 202
159 209
159 210
159 218
159 225
159 234
159 235
159 239
159 243
159 253
159 259
159 264
159 280
159 293
159 295
159 308
159 322
159 323
159 394
159 395
159 397
159 400
159 401
159 414
159 435
159 440
159 447
159 448
159 449
159 454
159 468
159 470
159 472
159 473
159 491
159 493
159 499
159 502
159 505
159 509
159 524
159 531
159 533
159 534
159 538
159 539
159 557
159 561
159 573
159 586
159 588
159 591
159 594
159 600
159 601
159 602
159 603
159 605
159 607
159 617
159 619
159 620
159 626
159 630
159 633
159 640
159 654
159 671
159 684
159 687
159 689
159 716
159 720
159 841
159 905
159 979
159 995
159 998
159 1019
160 2
160 4
160 8
160 14
160 31
160 43
160 49
160 64
160 76
160 78
160 80
160 88
160 92
160 93
160 94
160 99
160 113
160 116
160 119
160 125
160 126
160 129
160 130
160 133
160 137
160 140
160 146
160 155
160 159
160 172
160 174
160 190
160 193
160 210
160 216
160 226
160 228
160 230
160 241
160 250
160 254
160 255
160 256
160 264
160 273
160 276
160 279
160 280
160 283
160 286
160 295
160 301
160 308
160 323
160 325
160 336
160 395
160 396
160 397
160 398
160 406
160 407
160 410
160 418
160 430
160 440
160 441
160 443
160 447
160 448
160 449
160 460
160 468
160 470
160 472
160 491
160 493
160 499
160 502
160 505
160 507
160 509
160 520
160 524
160 531
160 533
160 539
160 547
160 557
160 579
160 583
160 591
160 594
160 600
160 602
160 603
160 604
160 614
160 617
160 619
160 620
160 627
160 630
160 631
160 633
160 640
160 646
160 654
160 684
160 687
160 689
160 695
160 696
160 697
160 716
160 720
160 905
160 979
160 995
160 1019
160 457
161 43
161 142
161 440
172 43
172 113
172 146
172 159
172 160
172 174
172 308
172 440
172 448
172 449
172 470
172 533
172 654
172 716
193 4
193 43
193 49
193 113
193 160
193 280
193 395
193 397
193 398
193 430
193 533
193 602
193 603
193 689
203 43
203 113
203 146
203 174
203 308
203 440
203 519
203 539
203 654
203 517
211 43
211 129
216 20
216 43
216 76
216 78
216 94
216 113
216 125
216 129
216 146
216 160
216 174
216 207
216 219
216 250
216 264
216 280
216 308
216 317
216 325
216 395
216 397
216 447
216 453
216 470
216 472
216 491
216 509
216 520
216 531
216 533
216 539
216 564
216 579
216 648
216 654
216 676
216 684
216 716
216 905
216 937
216 979
217 43
217 129
219 20
219 43
219 78
219 94
219 113
219 125
219 129
219 146
219 174
219 207
219 216
219 280
219 308
219 447
219 449
219 470
219 491
219 509
219 531
219 539
219 654
219 684
219 716
219 979
221 43
221 125
221 174
221 449
221 450
221 470
221 539
221 254
228 43
228 113
228 125
228 146
228 160
228 174
228 449
228 539
228 654
228 979
230 43
230 113
230 160
230 410
230 440
230 448
230 654
247 43
247 129
250 43
250 160
250 216
250 280
250 440
250 684
250 979
250 998
254 43
254 113
254 125
254 130
254 146
254 155
254 160
254 174
254 221
254 308
254 440
254 449
254 470
254 491
254 539
254 654
254 690
254 716
254 979
255 43
255 78
255 94
255 113
255 125
255 129
255 146
255 160
255 174
255 280
255 480
255 491
255 509
255 531
255 539
255 579
255 716
256 43
256 52
256 113
256 129
256 146
256 160
256 174
256 280
256 440
256 491
256 531
256 539
256 579
256 654
256 716
264 43
264 76
264 91
264 94
264 113
264 125
264 129
264 130
264 146
264 159
264 160
264 174
264 216
264 56
264 280
264 395
264 397
264 447
264 449
264 470
264 491
264 509
264 520
264 531
264 533
264 539
264 579
264 593
264 619
264 654
264 665
264 716
264 905
264 979
273 43
273 113
273 160
273 274
273 280
273 319
273 332
273 341
273 370
273 397
273 408
273 416
273 422
273 438
273 451
273 476
273 491
273 493
273 497
273 524
273 533
273 617
273 619
273 630
273 654
273 841
273 979
273 995
273 1019
273 1025
280 2
280 4
280 8
280 14
280 31
280 43
280 49
280 64
280 76
280 78
280 80
280 83
280 88
280 94
280 99
280 113
280 116
280 125
280 126
280 129
280 130
280 137
280 140
280 146
280 155
280 159
280 160
280 174
280 193
280 216
280 219
280 250
280 255
280 256
280 264
280 273
280 283
280 286
280 295
280 301
280 308
280 323
280 325
280 395
280 397
280 398
280 402
280 406
280 410
280 418
280 430
280 440
280 441
280 447
280 448
280 449
280 457
280 460
280 470
280 472
280 491
280 493
280 499
280 502
280 505
280 507
280 509
280 520
280 524
280 531
280 533
280 539
280 548
280 564
280 579
280 583
280 591
280 600
280 602
280 603
280 604
280 614
280 617
280 619
280 627
280 630
280 631
280 633
280 640
280 654
280 684
280 687
280 689
280 696
280 697
280 708
280 716
280 979
280 995
280 1019
282 43
282 78
282 94
282 113
282 125
282 146
282 174
282 470
282 477
282 531
282 539
282 549
282 593
282 665
282 716
286 43
286 64
286 113
286 129
286 146
286 160
286 280
286 440
286 457
286 716
287 43
287 129
287 539
295 43
295 113
295 146
295 159
295 160
295 280
295 440
295 448
295 533
295 654
295 687
305 43
305 129
305 579
305 716
308 43
308 76
308 78
308 94
308 113
308 125
308 129
308 130
308 146
308 159
308 160
308 172
308 174
308 203
308 216
308 219
308 254
308 280
308 155
308 325
308 395
308 397
308 440
308 448
308 449
308 470
308 472
308 491
308 509
308 531
308 533
308 535
308 539
308 579
308 648
308 654
308 684
308 716
308 979
317 20
317 26
317 43
317 76
317 78
317 94
317 113
317 125
317 146
317 216
317 325
317 509
317 531
317 544
317 564
317 684
323 43
323 64
323 88
323 94
323 113
323 146
323 159
323 160
323 280
323 410
323 440
323 457
323 472
323 509
323 548
323 627
323 654
325 43
325 64
325 76
325 94
325 113
325 125
325 129
325 146
325 160
325 174
325 216
325 266
325 280
325 308
325 317
325 440
325 447
325 472
325 491
325 509
325 531
325 579
325 654
325 676
325 684
325 716
395 4
395 26
395 31
395 43
395 49
395 60
395 76
395 77
395 78
395 91
395 92
395 94
395 113
395 125
395 129
395 130
395 146
395 159
395 160
395 174
395 193
395 195
395 210
395 216
395 236
395 239
395 264
395 280
395 308
395 397
395 398
395 407
395 430
395 440
395 447
395 448
395 449
395 470
395 472
395 491
395 493
395 502
395 505
395 509
395 524
395 527
395 531
395 533
395 539
395 557
395 591
395 600
395 602
395 603
395 605
395 614
395 617
395 619
395 630
395 633
395 640
395 654
395 684
395 687
395 689
395 716
395 841
395 979
395 995
395 998
395 1019
395 1025
397 4
397 32
397 43
397 49
397 60
397 76
397 77
397 78
397 94
397 113
397 124
397 125
397 129
397 130
397 137
397 143
397 146
397 159
397 160
397 174
397 193
397 202
397 210
397 216
397 264
397 273
397 280
397 308
397 311
397 321
397 370
397 395
397 408
397 433
397 440
397 442
397 447
397 448
397 449
397 465
397 470
397 472
397 491
397 493
397 497
397 502
397 505
397 509
397 518
397 524
397 531
397 533
397 539
397 557
397 591
397 600
397 602
397 603
397 605
397 617
397 619
397 621
397 630
397 633
397 639
397 640
397 654
397 655
397 684
397 687
397 689
397 712
397 716
397 841
397 905
397 979
397 985
397 995
397 1019
405 43
405 113
405 125
405 129
405 146
405 174
405 539
405 654
405 614
410 43
410 76
410 113
410 129
410 146
410 160
410 230
410 280
410 323
410 440
410 448
410 472
410 533
410 654
428 43
428 129
428 539
428 716
436 43
436 713
439 43
439 406
439 421
439 440
440 14
440 43
440 49
440 64
440 76
440 78
440 88
440 112
440 113
440 125
440 129
440 142
440 146
440 159
440 160
440 161
440 172
440 174
440 203
440 226
440 230
440 244
440 250
440 254
440 256
440 280
440 286
440 295
440 308
440 323
440 325
440 336
440 395
440 397
440 406
440 410
440 421
440 439
440 443
440 447
440 448
440 449
440 452
440 457
440 460
440 470
440 472
440 491
440 499
440 502
440 509
440 517
440 519
440 526
440 531
440 533
440 539
440 548
440 579
440 602
440 603
440 614
440 617
440 619
440 620
440 627
440 654
440 676
440 684
440 685
440 687
440 688
440 697
440 699
440 714
440 716
443 43
443 129
443 160
443 440
443 457
446 43
446 76
446 94
446 113
446 125
446 146
446 174
446 448
446 491
446 509
446 531
446 539
446 566
446 716
446 979
447 36
447 43
447 76
447 78
447 94
447 113
447 125
447 129
447 146
447 159
447 160
447 174
447 207
447 216
447 219
447 264
447 280
447 325
447 395
447 397
447 440
447 470
447 472
447 491
447 509
447 531
447 533
447 539
447 579
447 604
447 617
447 619
447 648
447 654
447 676
447 684
447 716
447 905
447 979
448 4
448 43
448 76
448 78
448 94
448 113
448 119
448 125
448 129
448 146
448 157
448 159
448 160
448 172
448 174
448 230
448 233
448 235
448 280
448 293
448 295
448 308
448 314
448 395
448 397
448 410
448 414
448 440
448 445
448 446
448 449
448 454
448 470
448 472
448 491
448 493
448 499
448 502
448 509
448 524
448 531
448 533
448 539
448 564
448 579
448 600
448 602
448 603
448 617
448 620
448 630
448 633
448 636
448 654
448 683
448 684
448 687
448 716
448 979
449 43
449 45
449 50
449 76
449 78
449 113
449 119
449 125
449 129
449 130
449 146
449 155
449 159
449 160
449 172
449 174
449 200
449 219
449 221
449 228
449 252
449 254
449 264
449 280
449 308
449 393
449 395
449 397
449 420
449 440
449 448
449 450
449 454
449 464
449 468
449 470
449 491
449 502
449 509
449 531
449 533
449 535
449 539
449 579
449 614
449 619
449 648
449 654
449 690
449 716
449 979
453 43
453 216
453 491
453 716
454 43
454 113
454 119
454 159
454 174
454 448
454 449
454 470
454 534
454 654
457 14
457 43
457 244
457 280
457 286
457 323
457 440
457 443
457 64
457 160
457 548
457 627
460 43
460 64
460 88
460 113
460 146
460 160
460 280
460 440
460 716
470 4
470 5
470 28
470 32
470 43
470 45
470 49
470 50
470 54
470 66
470 67
470 68
470 71
470 76
470 77
470 78
470 81
470 91
470 94
470 97
470 113
470 119
470 125
470 129
470 130
470 132
470 137
470 146
470 155
470 156
470 159
470 160
470 166
470 172
470 174
470 182
470 209
470 216
470 219
470 221
470 225
470 239
470 240
470 252
470 254
470 258
470 264
470 280
470 282
470 283
470 308
470 320
470 337
470 393
470 395
470 397
470 414
470 420
470 432
470 437
470 440
470 447
470 448
470 449
470 454
470 462
470 468
470 469
470 464
470 472
470 491
470 502
470 505
470 509
470 524
470 531
470 533
470 534
470 538
470 539
470 557
470 573
470 579
470 582
470 591
470 597
470 600
470 602
470 603
470 614
470 617
470 619
470 630
470 633
470 640
470 652
470 654
470 658
470 684
470 689
470 690
470 716
470 841
470 905
470 947
470 948
470 979
470 995
470 998
470 1006
470 1019
472 43
472 64
472 76
472 94
472 113
472 125
472 129
472 146
472 159
472 160
472 174
472 216
472 280
472 308
472 323
472 325
472 395
472 397
472 410
472 440
472 447
472 448
472 470
472 88
472 491
472 509
472 531
472 533
472 539
472 548
472 579
472 602
472 603
472 619
472 627
472 633
472 654
472 684
472 716
472 979
480 20
480 43
480 78
480 91
480 125
480 129
480 146
480 174
480 255
480 491
480 531
480 539
480 579
491 4
491 7
491 26
491 43
491 49
491 56
491 61
491 62
491 64
491 76
491 78
491 90
491 91
491 94
491 99
491 113
491 114
491 116
491 125
491 129
491 130
491 146
491 154
491 155
491 159
491 160
491 174
491 216
491 219
491 254
491 255
491 256
491 262
491 264
491 273
491 280
491 291
491 308
491 318
491 325
491 395
491 397
491 403
491 440
491 446
491 447
491 448
491 449
491 453
491 470
491 472
491 480
491 32
491 493
491 502
491 505
491 507
491 508
491 509
491 520
491 524
491 531
491 533
491 539
491 564
491 566
491 579
491 583
491 593
491 602
491 603
491 604
491 614
491 617
491 619
491 630
491 633
491 640
491 648
491 654
491 665
491 684
491 689
491 697
491 716
491 877
491 905
491 920
491 937
491 979
491 995
499 43
499 113
499 146
499 159
499 160
499 280
499 440
499 448
499 533
499 633
499 654
499 687
502 43
502 75
502 113
502 146
502 159
502 160
502 280
502 395
502 397
502 440
502 448
502 449
502 470
502 491
502 509
502 533
502 633
502 654
502 716
505 43
505 76
505 113
505 159
505 160
505 280
505 395
505 397
505 470
505 491
505 493
505 524
505 533
505 600
505 617
505 619
505 630
505 633
505 654
505 602
507 43
507 78
507 94
507 113
507 125
507 129
507 146
507 160
507 174
507 280
507 491
507 530
507 531
507 539
507 579
507 583
507 654
507 716
508 43
508 491
508 531
520 20
520 43
520 78
520 94
520 113
520 125
520 129
520 146
520 160
520 174
520 216
520 264
520 280
520 491
520 509
520 531
520 539
520 579
520 676
520 684
520 716
520 979
524 9
524 32
524 43
524 77
524 92
524 113
524 146
524 148
524 159
524 160
524 174
524 202
524 239
524 273
524 280
524 395
524 397
524 413
524 442
524 448
524 470
524 491
524 493
524 504
524 505
524 513
524 523
524 533
524 554
524 557
524 576
524 578
524 591
524 600
524 602
524 617
524 619
524 630
524 633
524 640
524 654
524 716
524 995
526 43
526 440
526 509
526 684
526 714
530 43
530 129
530 507
530 531
530 716
533 4
533 41
533 43
533 49
533 60
533 64
533 76
533 77
533 78
533 91
533 92
533 94
533 113
533 124
533 125
533 129
533 130
533 137
533 143
533 146
533 159
533 160
533 170
533 172
533 174
533 193
533 202
533 210
533 213
533 215
533 216
533 218
533 239
533 243
533 264
533 268
533 273
533 280
533 295
533 297
533 308
533 395
533 397
533 407
533 410
533 440
533 447
533 448
533 449
533 465
533 470
533 472
533 473
533 491
533 493
533 497
533 499
533 502
533 505
533 509
533 524
533 527
533 531
533 539
533 553
533 557
533 564
533 591
533 600
533 601
533 602
533 603
533 605
533 614
533 617
533 619
533 630
533 633
533 640
533 644
533 654
533 684
533 687
533 689
533 716
533 979
533 985
533 995
533 1019
548 43
548 129
548 280
548 323
548 440
548 457
548 472
548 509
548 88
548 676
548 684
564 7
564 26
564 43
564 76
564 78
564 94
564 113
564 125
564 129
564 146
564 174
564 216
564 280
564 317
564 448
564 477
564 491
564 509
564 531
564 533
564 539
564 544
564 684
564 716
564 979
564 635
564 665
566 43
566 62
566 78
566 113
566 125
566 146
566 174
566 446
566 491
566 531
566 539
566 544
566 716
566 905
579 43
579 49
579 52
579 76
579 78
579 91
579 94
579 99
579 113
579 116
579 125
579 129
579 130
579 146
579 160
579 174
579 205
579 216
579 255
579 256
579 264
579 280
579 305
579 308
579 325
579 440
579 447
579 448
579 449
579 470
579 472
579 480
579 491
579 492
579 507
579 509
579 520
579 531
579 539
579 583
579 593
579 614
579 630
579 654
579 662
579 684
579 716
579 920
579 979
583 43
583 78
583 94
583 113
583 125
583 129
583 146
583 160
583 174
583 280
583 491
583 507
583 509
583 531
583 539
583 579
583 654
583 684
583 716
583 979
592 43
592 113
592 129
592 141
592 146
592 174
592 531
592 539
592 716
593 26
593 43
593 78
593 91
593 94
593 113
593 125
593 129
593 146
593 174
593 264
593 282
593 491
593 509
593 531
593 539
593 579
593 544
593 665
593 716
593 979
600 9
600 43
600 92
600 113
600 159
600 160
600 280
600 395
600 397
600 448
600 470
600 505
600 524
600 533
600 602
600 617
600 619
600 633
600 640
600 654
600 716
602 4
602 43
602 49
602 76
602 78
602 113
602 129
602 146
602 159
602 160
602 174
602 193
602 280
602 395
602 397
602 440
602 448
602 470
602 472
602 491
602 493
602 524
602 531
602 533
602 539
602 600
602 505
602 617
602 619
602 630
602 633
602 654
602 689
602 716
602 979
603 43
603 49
603 76
603 94
603 113
603 146
603 159
603 160
603 193
603 280
603 283
603 395
603 397
603 440
603 448
603 470
603 472
603 491
603 509
603 533
603 633
603 654
603 684
604 43
604 113
604 125
604 129
604 146
604 160
604 280
604 447
604 491
604 716
606 43
606 113
606 125
606 146
606 174
606 539
606 654
614 43
614 64
614 76
614 94
614 113
614 125
614 129
614 146
614 160
614 174
614 280
614 395
614 440
614 449
614 470
614 491
614 509
614 531
614 533
614 539
614 579
614 405
614 654
614 684
614 716
614 979
617 4
617 30
617 32
617 43
617 66
617 73
617 76
617 77
617 78
617 87
617 92
617 97
617 113
617 127
617 129
617 146
617 159
617 160
617 174
617 181
617 201
617 202
617 208
617 210
617 212
617 224
617 239
617 258
617 271
617 273
617 280
617 340
617 352
617 379
617 395
617 397
617 417
617 426
617 440
617 442
617 447
617 448
617 469
617 470
617 479
617 491
617 493
617 495
617 505
617 524
617 531
617 533
617 539
617 554
617 557
617 562
617 575
617 578
617 591
617 596
617 600
617 602
617 619
617 630
617 633
617 640
617 654
617 656
617 689
617 716
617 732
617 841
617 888
617 900
617 979
617 995
617 1019
617 1025
619 9
619 43
619 49
619 60
619 77
619 78
619 92
619 94
619 107
619 113
619 118
619 125
619 129
619 143
619 146
619 159
619 160
619 174
619 202
619 210
619 239
619 264
619 273
619 280
619 370
619 395
619 397
619 408
619 440
619 442
619 447
619 449
619 461
619 465
619 470
619 472
619 491
619 497
619 505
619 509
619 524
619 531
619 533
619 539
619 557
619 576
619 578
619 591
619 600
619 602
619 605
619 617
619 630
619 633
619 640
619 654
619 655
619 716
619 905
619 979
619 995
619 1019
627 43
627 160
627 280
627 323
627 440
627 457
627 472
627 654
630 43
630 49
630 77
630 78
630 92
630 113
630 146
630 159
630 160
630 273
630 280
630 395
630 397
630 448
630 470
630 491
630 505
630 524
630 533
630 579
630 591
630 602
630 605
630 617
630 619
630 633
630 640
630 654
630 689
630 716
630 979
633 4
633 32
633 43
633 49
633 66
633 77
633 78
633 87
633 94
633 97
633 103
633 113
633 135
633 136
633 137
633 139
633 146
633 159
633 160
633 174
633 189
633 210
633 212
633 239
633 243
633 258
633 271
633 280
633 296
633 322
633 395
633 397
633 448
633 469
633 470
633 472
633 491
633 493
633 499
633 502
633 505
633 509
633 524
633 531
633 533
633 536
633 554
633 573
633 591
633 600
633 602
633 603
633 617
633 619
633 621
633 630
633 640
633 654
633 656
633 687
633 689
633 694
633 711
633 716
633 995
633 1019
640 43
640 113
640 159
640 160
640 174
640 280
640 395
640 397
640 470
640 491
640 493
640 524
640 533
640 539
640 600
640 617
640 619
640 630
640 633
640 654
648 43
648 113
648 129
648 146
648 216
648 308
648 447
648 449
648 491
648 509
650 43
654 4
654 28
654 43
654 49
654 64
654 75
654 76
654 78
654 82
654 94
654 111
654 113
654 116
654 119
654 125
654 129
654 130
654 131
654 137
654 138
654 146
654 155
654 158
654 159
654 160
654 172
654 174
654 203
654 216
654 219
654 225
654 228
654 230
654 254
654 256
654 264
654 273
654 280
654 295
654 308
654 323
654 325
654 336
654 395
654 397
654 405
654 410
654 414
654 440
654 447
654 448
654 449
654 454
654 468
654 470
654 472
654 478
654 491
654 497
654 499
654 502
654 505
654 507
654 509
654 519
654 524
654 531
654 533
654 534
654 539
654 579
654 583
654 600
654 602
654 603
654 606
654 614
654 617
654 619
654 620
654 627
654 630
654 633
654 640
654 645
654 658
654 667
654 684
654 687
654 697
654 702
654 716
654 723
654 979
654 995
662 43
662 113
662 146
662 531
662 579
662 716
665 26
665 43
665 78
665 91
665 94
665 113
665 125
665 129
665 146
665 174
665 264
665 282
665 491
665 509
665 531
665 539
665 544
665 593
665 564
665 700
665 716
665 979
676 43
676 129
676 216
676 325
676 440
676 447
676 509
676 520
676 548
676 684
682 43
682 113
682 125
682 146
682 174
682 539
684 4
684 20
684 36
684 43
684 49
684 64
684 76
684 78
684 94
684 113
684 125
684 129
684 130
684 146
684 159
684 160
684 174
684 207
684 216
684 219
684 250
684 280
684 308
684 317
684 325
684 395
684 397
684 440
684 447
684 448
684 470
684 472
684 491
684 509
684 520
684 526
684 531
684 533
684 539
684 548
684 564
684 579
684 583
684 603
684 614
684 654
684 676
684 714
684 716
684 905
684 979
685 43
685 113
685 129
685 146
685 440
685 539
685 697
687 43
687 113
687 146
687 159
687 160
687 280
687 395
687 397
687 440
687 448
687 499
687 533
687 633
687 654
687 295
697 43
697 76
697 113
697 125
697 129
697 146
697 160
697 174
697 280
697 440
697 491
697 531
697 539
697 654
697 685
697 716
699 14
699 43
699 440
699 688
713 43
713 436
714 43
714 440
714 509
714 526
714 684
905 43
905 78
905 113
905 125
905 146
905 159
905 160
905 174
905 216
905 264
905 397
905 447
905 470
905 491
905 509
905 531
905 539
905 566
905 619
905 684
905 716
905 812
905 814
905 841
905 847
905 856
905 862
905 877
905 227
905 906
905 920
905 937
905 940
905 944
905 957
905 965
905 967
905 976
905 979
905 988
905 992
905 993
905 995
905 998
905 1015
905 1019
905 1029
905 1040
905 1031
61 26
61 53
61 78
61 174
61 192
61 491
61 531
61 539
61 716
90 78
90 53
90 113
90 125
90 491
90 531
90 539
90 544
90 549
90 716
544 90
544 91
544 317
544 26
544 53
544 635
544 665
544 564
544 566
544 593
7 78
7 204
7 291
7 477
7 491
7 564
47 78
47 587
62 78
62 146
62 491
62 531
62 539
62 551
62 556
62 566
63 78
63 587
192 61
192 78
192 174
192 318
192 531
192 539
291 7
291 78
291 477
291 491
318 78
318 192
318 491
318 531
318 539
318 716
477 7
477 78
477 204
477 282
477 291
477 564
551 62
551 78
563 78
587 47
587 63
587 78
598 78
877 78
877 227
877 491
877 716
877 836
877 847
877 859
877 883
877 905
877 920
877 937
877 941
877 944
877 951
877 965
877 979
877 995
877 1019
877 1023
877 1029
920 78
920 113
920 174
920 491
920 531
920 539
920 579
920 716
920 841
920 846
920 847
920 872
920 877
920 885
920 905
920 937
920 940
920 944
920 961
920 979
920 995
920 998
920 1015
920 1018
920 1019
937 78
937 216
937 491
937 812
937 827
937 829
937 859
937 877
937 905
937 920
937 979
937 988
937 992
937 1009
937 1031
937 1038
995 78
995 113
995 159
995 160
995 239
995 273
995 280
995 370
995 395
995 397
995 470
995 491
995 497
995 524
995 533
995 557
995 617
995 619
995 633
995 654
995 716
995 791
995 802
995 811
995 817
995 825
995 826
995 841
995 877
995 884
995 900
995 905
995 920
995 932
995 933
995 946
995 947
995 979
995 408
995 952
995 998
995 1005
995 1006
995 1008
995 1013
995 1014
995 1017
995 1019
995 1020
995 1022
995 1025
995 1034
995 1037
995 1001
28 113
28 470
28 647
28 654
32 11
32 23
32 33
32 57
32 102
32 106
32 113
32 165
32 177
32 196
32 197
32 208
32 231
32 277
32 304
32 340
32 397
32 434
32 470
32 503
32 516
32 524
32 559
32 609
32 615
32 617
32 633
32 653
32 705
32 709
32 979
32 84
32 377
32 491
32 641
45 50
45 113
45 146
45 174
45 449
45 468
45 470
45 582
45 252
50 45
50 113
50 174
50 252
50 449
50 470
54 113
54 125
54 146
54 174
54 470
54 539
74 113
74 509
77 113
77 159
77 239
77 296
77 395
77 397
77 426
77 470
77 493
77 524
77 533
77 536
77 591
77 617
77 619
77 630
77 633
82 113
82 514
82 654
119 113
119 146
119 159
119 160
119 448
119 449
119 454
119 470
119 654
131 113
131 174
131 534
131 654
138 113
138 336
138 654
156 113
156 470
156 534
156 647
166 113
166 470
209 113
209 159
209 470
225 113
225 159
225 470
225 654
239 77
239 113
239 159
239 212
239 258
239 395
239 470
239 493
239 524
239 533
239 554
239 617
239 619
239 633
239 995
239 1019
252 50
252 113
252 146
252 174
252 45
252 449
252 470
252 690
307 113
391 113
391 174
391 475
393 113
393 125
393 146
393 174
393 449
393 470
393 539
414 113
414 159
414 448
414 470
414 654
420 113
420 449
420 468
420 470
432 113
432 125
432 174
432 470
432 539
450 113
450 174
450 221
450 449
468 45
468 113
468 125
468 146
468 159
468 160
468 174
468 420
468 449
468 470
468 654
493 4
493 76
493 77
493 92
493 113
493 159
493 160
493 239
493 273
493 280
493 395
493 397
493 448
493 491
493 497
493 505
493 524
493 533
493 591
493 602
493 617
493 633
493 640
512 113
512 431
534 75
534 113
534 131
534 156
534 159
534 174
534 454
534 470
534 654
535 113
535 308
535 449
535 509
535 979
557 113
557 159
557 160
557 395
557 397
557 470
557 524
557 533
557 617
557 619
557 995
582 45
582 113
582 182
582 200
582 470
591 77
591 113
591 159
591 160
591 189
591 210
591 280
591 395
591 397
591 470
591 493
591 524
591 533
591 617
591 619
591 630
591 633
597 113
597 470
620 113
620 159
620 160
620 440
620 448
620 654
645 113
645 654
689 4
689 113
689 146
689 159
689 160
689 193
689 280
689 395
689 397
689 470
689 491
689 533
689 602
689 617
689 630
689 633
690 113
690 174
690 200
690 252
690 254
690 449
690 470
690 545
702 113
702 654
841 113
841 159
841 273
841 395
841 397
841 470
841 617
841 900
841 902
841 905
841 917
841 920
841 924
841 947
841 949
841 968
841 979
841 995
841 998
841 1006
841 1019
841 1025
841 1032
841 876
841 919
841 1016
998 113
998 159
998 250
998 395
998 470
998 509
998 818
998 820
998 838
998 841
998 850
998 857
998 867
998 872
998 881
998 905
998 909
998 916
998 920
998 929
998 939
998 947
998 948
998 958
998 960
998 971
998 977
998 979
998 995
998 863
998 1006
998 1010
998 1019
998 1027
998 1046
1019 113
1019 159
1019 160
1019 239
1019 273
1019 280
1019 395
1019 397
1019 470
1019 497
1019 617
1019 619
1019 633
1019 826
1019 841
1019 877
1019 884
1019 897
1019 900
1019 905
1019 920
1019 943
1019 947
1019 948
1019 949
1019 979
1019 995
1019 998
1019 1005
1019 1006
1019 1007
1019 1013
1019 1016
1019 533
1019 1022
1019 1025
199 125
199 174
199 539
17 129
114 129
114 146
114 491
114 531
114 539
114 716
205 129
205 579
266 129
266 325
270 129
425 129
425 539
425 716
492 129
492 579
529 129
529 599
599 129
599 529
642 129
37 174
37 651
132 174
132 464
132 470
464 132
464 174
464 200
464 449
464 470
545 174
545 200
545 690
581 174
610 174
610 531
610 539
610 716
610 910
910 100
910 174
910 539
910 610
1015 174
1015 539
1015 905
1015 920
1015 979
1015 940
20 94
20 216
20 219
20 317
20 480
20 509
20 520
20 531
20 684
36 207
36 447
36 509
36 684
207 36
207 216
207 219
207 447
207 509
207 684
556 62
556 509
556 539
56 91
56 491
56 531
56 264
249 531
289 531
289 716
312 531
312 539
403 491
403 531
577 531
577 539
608 94
608 531
608 716
35 265
35 343
35 539
35 415
39 471
39 498
39 539
58 539
101 399
101 539
121 444
121 539
175 214
175 539
214 175
214 539
265 35
265 539
334 539
343 35
343 539
399 101
399 539
415 35
415 539
444 121
444 539
444 716
543 539
623 539
623 716
872 539
872 920
872 944
872 948
872 998
70 72
70 716
72 70
72 716
807 948
807 961
807 979
847 877
847 905
847 920
847 944
847 965
847 979
855 904
855 979
900 617
900 841
900 884
900 979
900 995
900 1019
900 1025
940 905
940 920
940 979
940 1015
944 227
944 847
944 872
944 877
944 905
944 920
944 979
947 470
947 818
947 841
947 979
947 995
947 998
947 1006
947 1019
948 470
948 805
948 807
948 848
948 867
948 872
948 942
948 961
948 979
948 998
948 1010
948 1019
948 1003
950 836
950 979
950 1029
961 807
961 920
961 948
961 979
961 981
961 1018
965 847
965 877
965 905
965 979
973 979
981 904
981 961
981 979
981 1030
1006 470
1006 818
1006 841
1006 921
1006 947
1006 979
1006 990
1006 995
1006 998
1006 1019
1016 979
1016 841
1016 1019
1018 920
1018 961
1018 979
1023 877
1023 979
1025 273
1025 395
1025 617
1025 841
1025 900
1025 979
1025 995
1025 1013
1025 1019
1029 227
1029 810
1029 836
1029 877
1029 883
1029 905
1029 950
1029 979
1029 1028
1035 979
27 4
27 419
31 4
31 159
31 160
31 280
31 395
133 4
133 160
133 276
133 594
147 4
147 276
170 4
170 159
170 533
218 4
218 159
218 533
260 4
392 4
392 686
398 4
398 49
398 160
398 193
398 280
398 395
419 4
419 27
430 4
430 49
430 160
430 193
430 280
430 395
594 4
594 133
594 159
594 160
660 4
686 4
686 392
635 26
635 544
635 564
283 49
283 160
283 280
283 470
283 603
441 49
441 160
441 280
696 49
696 160
696 280
18 105
18 159
29 159
41 159
41 533
59 159
66 159
66 212
66 242
66 258
66 271
66 427
66 456
66 469
66 470
66 500
66 616
66 617
66 633
67 159
67 470
67 616
92 159
92 160
92 395
92 493
92 524
92 533
92 600
92 617
92 619
92 630
97 87
97 159
97 470
97 617
97 633
105 18
105 159
109 159
136 159
136 633
139 159
139 633
151 159
162 159
162 315
180 159
180 253
180 435
180 496
185 159
202 159
202 397
202 524
202 533
202 617
202 619
210 159
210 160
210 395
210 397
210 407
210 533
210 591
210 617
210 619
210 633
234 159
235 157
235 159
235 401
235 448
243 159
243 533
243 633
253 159
253 180
253 400
253 435
253 889
259 159
293 159
293 233
293 448
293 636
322 159
322 633
394 159
400 159
400 253
401 157
401 159
401 235
435 159
435 180
435 253
473 159
473 533
538 5
538 159
538 470
561 159
573 159
573 470
573 633
586 159
586 729
588 159
601 159
601 533
605 159
605 395
605 397
605 533
605 619
605 630
607 159
626 159
671 159
720 159
720 160
720 547
2 160
2 280
2 631
8 126
8 160
8 280
8 301
14 160
14 280
14 440
14 457
14 699
80 160
80 280
93 160
126 8
126 160
126 280
190 160
190 326
226 160
226 440
241 160
276 133
276 147
276 160
279 160
279 284
301 8
301 160
301 280
336 138
336 160
336 440
336 654
396 160
406 160
406 280
406 439
406 440
407 160
407 210
407 395
407 533
407 692
418 160
418 280
547 160
547 720
631 2
631 160
631 280
646 160
695 160
519 203
519 440
519 517
519 654
517 440
517 203
517 519
274 273
274 497
319 273
319 370
319 497
332 273
332 497
332 370
341 273
370 273
370 319
370 332
370 397
370 497
370 619
370 995
370 408
370 416
408 273
408 397
408 370
408 497
408 619
408 995
416 273
416 370
416 451
416 497
422 273
438 273
451 273
451 416
451 497
476 273
476 497
497 273
497 274
497 319
497 332
497 370
497 397
497 408
497 416
497 451
497 476
497 493
497 533
497 619
497 654
497 995
497 1019
83 280
402 280
708 280
549 90
549 282
60 395
60 397
60 533
60 619
195 189
195 395
236 261
236 395
527 395
527 533
124 397
124 533
143 397
143 533
143 619
311 397
321 397
433 397
433 712
442 397
442 524
442 617
442 619
465 397
465 533
465 619
518 397
621 397
621 633
639 397
655 397
655 619
712 397
712 433
985 397
985 533
421 439
421 440
244 440
244 457
452 440
452 467
688 440
688 699
157 235
157 401
157 448
233 293
233 448
314 448
445 448
445 636
636 293
636 445
636 448
683 448
200 449
200 464
200 545
200 582
200 690
5 46
5 470
5 538
68 309
68 470
68 691
71 278
71 470
81 267
81 309
81 470
182 470
182 582
240 470
240 691
258 66
258 212
258 239
258 271
258 470
258 617
258 633
258 469
320 470
337 178
337 470
437 222
437 470
462 470
469 66
469 212
469 258
469 271
469 470
469 617
469 633
652 251
652 470
658 470
658 654
9 107
9 524
9 576
9 600
9 619
148 504
148 524
413 524
504 148
504 524
513 524
523 524
523 554
554 239
554 523
554 524
554 30
554 617
554 633
576 9
576 524
576 619
578 524
578 617
578 619
213 533
215 533
268 297
268 533
297 268
297 533
553 299
553 533
644 533
30 617
30 554
73 201
73 617
87 97
87 617
87 633
127 224
127 495
127 617
181 479
181 617
201 73
201 96
201 224
201 417
201 617
208 13
208 24
208 32
208 84
208 85
208 89
208 115
208 179
208 164
208 229
208 231
208 269
208 285
208 288
208 313
208 348
208 412
208 458
208 590
208 609
208 617
208 624
208 661
208 666
208 718
208 835
208 347
208 459
208 489
208 494
208 674
208 706
208 710
208 914
212 66
212 239
212 258
212 271
212 469
212 617
212 633
224 127
224 201
224 96
224 417
224 495
224 515
224 617
271 66
271 212
271 258
271 617
271 633
271 469
340 15
340 32
340 145
340 194
340 206
340 257
340 272
340 275
340 346
340 379
340 525
340 555
340 617
340 622
340 629
340 673
340 806
340 1017
352 617
379 292
379 340
379 349
379 366
379 378
379 110
379 167
379 183
379 372
379 385
379 474
379 611
379 617
379 629
379 724
379 728
379 932
379 389
379 409
379 484
379 550
379 735
417 149
417 201
417 224
417 617
417 515
426 77
426 562
426 617
479 181
479 617
495 127
495 224
495 617
562 426
562 617
575 617
596 617
656 617
656 633
732 617
888 617
107 9
107 619
118 619
461 619
103 633
135 633
189 195
189 591
189 633
296 77
296 633
536 77
536 633
694 633
711 633
111 654
158 654
478 654
667 654
723 284
723 654
700 665
812 905
812 937
812 1031
812 1038
814 905
814 976
856 862
856 890
856 905
856 992
862 856
862 905
862 926
862 966
862 983
227 877
227 944
227 951
227 1029
227 905
906 890
906 892
906 905
906 957
957 905
957 906
967 905
967 1040
976 814
976 905
988 905
988 937
988 992
992 856
992 890
992 905
992 937
992 988
993 765
993 846
993 886
993 905
993 934
993 980
993 926
1040 905
1040 967
1031 812
1031 858
1031 937
1031 905
204 7
204 477
836 877
836 950
836 1028
836 1029
859 858
859 877
859 937
883 877
883 951
883 1028
883 1029
941 877
951 227
951 877
951 883
846 618
846 834
846 860
846 893
846 920
846 954
846 960
846 975
846 987
846 991
846 993
846 1012
846 970
885 920
827 829
827 937
829 827
829 937
1009 937
1009 989
1038 812
1038 861
1038 875
1038 887
1038 907
1038 937
1038 1000
791 853
791 995
802 567
802 995
811 995
817 946
817 995
825 995
826 995
826 1019
884 900
884 995
884 1013
884 1019
932 379
932 995
933 995
946 817
946 995
952 1001
952 995
1005 995
1005 1019
1005 1022
1008 949
1008 995
1008 1021
1013 840
1013 884
1013 995
1013 1019
1013 1020
1013 1025
1014 995
1017 340
1017 835
1017 851
1017 995
1020 995
1020 1013
1022 995
1022 1019
1022 1005
1034 995
1037 995
1037 1041
1001 952
1001 995
647 28
647 156
11 32
23 32
23 165
23 187
23 365
23 559
23 730
33 32
33 117
33 263
33 364
33 377
33 628
33 637
33 595
33 649
57 32
57 44
57 48
57 150
57 152
57 196
57 246
57 281
57 364
57 374
57 377
57 381
57 386
57 387
57 388
57 455
57 481
57 506
57 552
57 595
57 613
57 680
57 681
57 707
57 726
57 734
57 184
57 542
57 678
57 736
102 10
102 32
102 177
102 355
102 383
102 485
102 641
102 615
106 32
106 806
165 23
165 32
165 128
165 188
165 353
165 356
165 363
165 367
165 521
165 681
165 721
165 693
177 21
177 32
177 102
177 300
177 376
196 32
196 48
196 57
196 371
196 377
197 32
231 32
231 208
231 285
231 347
231 390
231 489
231 574
231 666
231 705
277 32
277 643
277 528
304 32
304 487
304 522
304 368
304 558
434 32
434 412
434 424
434 483
434 668
434 677
434 705
503 32
503 163
503 169
503 191
503 232
503 360
503 373
503 380
503 516
503 625
503 632
503 659
503 675
503 705
503 715
503 717
503 725
503 679
516 3
516 32
516 69
516 169
516 294
516 384
516 423
516 494
516 503
516 511
516 532
516 624
516 722
516 733
516 625
559 23
559 32
559 350
559 358
559 615
609 32
609 85
609 208
609 488
615 32
615 559
615 102
653 32
653 641
705 32
705 231
705 347
705 360
705 503
705 632
705 638
705 434
705 717
709 32
84 19
84 42
84 32
84 208
84 488
84 541
377 33
377 57
377 371
377 32
377 196
377 463
377 552
377 663
641 102
641 32
641 653
514 82
475 391
431 512
902 841
902 935
902 968
902 1032
917 841
917 919
917 924
924 841
924 917
949 841
949 1008
949 1019
968 841
968 902
968 876
968 1032
1032 823
1032 831
1032 841
1032 844
1032 849
1032 851
1032 876
1032 895
1032 902
1032 953
1032 954
1032 960
1032 963
1032 968
1032 994
1032 999
1032 1024
1032 871
876 841
876 1032
876 968
919 917
919 841
818 838
818 947
818 998
818 1006
820 998
838 818
838 998
838 1049
850 939
850 998
857 916
857 977
857 998
857 1046
867 805
867 942
867 948
867 998
867 1010
881 959
881 977
881 998
881 971
909 832
909 998
916 857
916 977
916 998
929 874
929 958
929 998
929 1010
939 850
939 998
958 929
958 996
958 998
958 1010
960 816
960 833
960 842
960 846
960 986
960 998
960 1011
960 1027
960 1032
960 1036
971 881
971 998
971 977
977 780
977 788
977 793
977 794
977 819
977 857
977 863
977 881
977 899
977 916
977 971
977 998
977 1026
977 1027
977 1039
977 1046
977 1061
863 977
863 1061
863 998
1010 354
1010 359
1010 466
1010 778
1010 804
1010 843
1010 867
1010 928
1010 929
1010 948
1010 958
1010 978
1010 998
1010 1055
1010 1057
1027 842
1027 960
1027 977
1027 998
1027 1011
1046 857
1046 977
1046 998
1046 1061
897 1019
943 1019
1007 1019
651 37
471 39
471 498
498 39
498 471
904 808
904 845
904 855
904 890
904 981
805 867
805 948
848 896
848 928
848 945
848 948
942 867
942 948
1003 657
1003 778
1003 896
1003 948
1030 868
1030 981
921 990
921 1006
990 921
990 962
990 911
990 1006
990 1043
990 1064
810 821
810 901
810 1028
810 1029
1028 810
1028 821
1028 836
1028 839
1028 883
1028 903
1028 955
1028 956
1028 1000
1028 1029
1028 1062
242 66
242 500
427 66
427 290
456 66
456 238
500 66
500 242
616 66
616 67
616 238
315 162
496 180
889 253
729 586
326 190
284 279
284 723
692 407
261 236
467 452
46 5
309 68
309 81
691 68
691 240
278 71
267 81
178 337
222 437
251 652
299 553
96 201
96 515
96 224
13 24
13 89
13 208
13 706
24 13
24 89
24 208
85 208
85 609
89 13
89 24
89 208
115 108
115 208
179 208
164 674
164 208
229 120
229 208
229 38
229 348
229 710
229 718
269 208
285 208
285 231
285 288
285 666
285 390
288 208
288 285
313 208
313 108
348 208
348 229
412 208
412 434
458 208
458 459
590 208
590 666
624 3
624 208
624 516
624 494
661 208
661 710
661 718
666 208
666 231
666 285
666 574
666 590
666 347
718 38
718 208
718 229
718 661
718 710
835 208
835 844
835 914
835 1017
347 231
347 208
347 489
347 705
347 574
347 666
459 458
459 208
489 231
489 347
489 390
489 208
489 574
494 3
494 208
494 516
494 624
674 95
674 123
674 164
674 510
674 669
674 153
674 208
706 13
706 208
710 38
710 229
710 661
710 120
710 208
710 718
914 835
914 844
914 208
515 96
515 173
515 224
515 417
15 340
15 673
145 340
194 340
206 340
257 340
272 340
275 340
275 622
346 340
346 555
525 340
555 340
555 346
555 728
622 275
622 340
629 340
629 379
673 15
673 340
806 106
806 340
292 379
349 379
349 735
366 110
366 379
378 379
110 366
110 379
167 409
167 379
183 484
183 379
372 550
372 379
385 379
474 379
611 379
611 389
724 379
728 379
728 555
389 379
389 611
409 167
409 379
484 183
484 379
550 372
550 379
735 349
735 379
149 173
149 417
890 856
890 904
890 906
890 913
890 992
890 1042
926 862
926 934
926 966
926 983
926 993
966 862
966 926
966 983
983 862
983 926
983 966
892 906
892 908
765 993
886 927
886 938
886 993
934 25
934 926
934 993
934 1033
980 927
980 993
858 859
858 989
858 1031
618 134
618 248
618 324
618 328
618 333
618 344
618 382
618 672
618 846
834 846
834 880
834 991
860 846
860 987
893 846
954 846
954 864
954 803
954 970
954 1032
975 846
987 846
987 860
991 834
991 846
991 1012
1012 846
1012 991
970 880
970 954
970 846
989 858
989 1009
861 907
861 1038
875 878
875 907
875 1038
875 1047
875 1052
875 1058
887 1000
887 1038
907 861
907 875
907 1038
907 1047
907 1051
1000 887
1000 1028
1000 1038
853 791
567 802
567 1041
1021 1008
840 1013
851 1017
851 1032
1041 567
1041 891
1041 1037
187 23
187 537
365 23
365 298
730 23
117 33
117 122
263 33
263 34
364 33
364 57
364 595
628 33
628 357
637 33
637 580
637 649
595 57
595 364
595 455
595 33
649 637
649 33
44 57
44 490
48 57
48 196
48 663
48 371
150 57
150 486
150 374
152 57
246 57
246 560
281 57
281 613
281 707
374 57
374 150
374 386
381 57
381 490
386 57
386 361
386 374
387 57
387 184
387 560
387 734
388 57
388 362
455 57
455 595
481 57
481 680
506 57
506 486
506 680
552 57
552 463
552 377
613 57
613 281
613 707
680 57
680 481
680 506
681 57
681 165
681 693
707 57
707 281
707 613
726 57
726 542
734 57
734 361
734 387
184 57
184 387
542 57
542 726
678 22
678 57
736 486
736 57
10 102
355 102
383 102
485 102
485 546
128 165
128 363
188 165
353 165
353 369
356 165
356 369
363 128
363 165
367 165
367 693
521 165
721 165
693 367
693 681
693 165
21 177
300 177
376 177
371 196
371 48
371 377
371 663
390 231
390 285
390 489
574 231
574 347
574 489
574 666
643 277
643 351
528 351
528 277
487 304
487 558
522 304
522 368
368 304
368 522
558 487
558 304
424 434
483 434
668 434
668 677
677 668
677 434
163 503
169 69
169 503
169 516
169 625
191 245
191 360
191 503
191 675
232 503
232 659
232 715
360 191
360 503
360 632
360 705
373 380
373 503
373 715
380 373
380 503
380 625
380 675
380 715
380 725
625 169
625 380
625 503
625 516
625 715
632 360
632 503
632 705
659 232
659 503
675 191
675 380
675 503
715 232
715 380
715 503
715 625
715 373
715 679
717 503
717 638
717 705
725 245
725 380
725 503
679 503
679 715
3 494
3 516
3 624
3 722
69 169
69 516
294 511
294 516
294 722
384 516
384 532
384 733
423 516
423 532
511 294
511 516
511 722
532 384
532 516
532 423
532 541
722 294
722 511
722 516
722 3
733 384
733 516
350 375
350 559
358 559
358 375
488 84
488 609
638 705
638 717
19 42
19 84
19 541
42 19
42 84
42 541
541 19
541 84
541 532
541 42
463 377
463 552
663 48
663 371
663 377
935 902
823 816
823 831
823 871
823 1024
823 1032
831 823
831 870
831 1032
844 835
844 854
844 914
844 923
844 972
844 982
844 994
844 1032
849 1032
895 1032
953 1032
963 1032
994 828
994 844
994 854
994 1032
994 1044
999 1032
999 1044
1024 823
1024 871
1024 984
1024 1032
871 823
871 816
871 984
871 1024
871 1032
1049 838
959 881
832 909
874 929
996 912
996 958
996 1057
816 823
816 833
816 960
816 871
833 816
833 960
842 960
842 1011
842 1027
986 960
986 984
986 1036
1011 842
1011 960
1011 1027
1036 960
1036 986
780 794
780 819
780 977
788 977
793 899
793 977
794 780
794 977
819 780
819 977
819 1026
899 793
899 977
1026 819
1026 977
1039 977
1061 863
1061 977
1061 1046
354 1010
354 1057
359 727
359 1010
466 1010
466 1054
466 1055
778 727
778 809
778 1003
778 1010
778 978
804 1010
804 1055
843 978
843 1010
928 727
928 848
928 1010
978 740
978 809
978 843
978 778
978 1010
1055 466
1055 804
1055 1010
1057 354
1057 996
1057 1010
1057 912
808 904
808 931
808 1050
845 904
845 1050
896 848
896 1003
945 848
945 915
657 727
657 1003
868 1030
962 990
962 1043
911 1064
911 990
1043 813
1043 962
1043 990
1064 911
1064 990
821 810
821 878
821 1028
901 810
901 852
839 837
839 873
839 1028
903 873
903 956
903 969
903 1028
955 815
955 1028
956 903
956 1028
1062 1028
290 427
238 456
238 616
108 115
108 313
120 229
120 710
38 710
38 718
38 229
95 674
95 123
123 95
123 674
510 153
510 674
669 674
153 510
153 674
173 149
173 515
913 890
1042 890
1042 908
908 892
908 1042
927 886
927 980
938 886
938 997
25 879
25 934
1033 879
1033 934
1033 997
134 618
248 333
248 344
248 618
248 698
324 327
324 328
324 330
324 342
324 345
324 618
324 704
328 324
328 330
328 333
328 618
333 248
333 328
333 344
333 618
344 248
344 333
344 618
382 618
672 618
880 803
880 834
880 970
864 954
803 880
803 954
878 821
878 875
878 1052
1047 875
1047 907
1047 1051
1052 875
1052 878
1052 1058
1058 875
1058 1052
1051 907
1051 1047
891 1041
537 187
298 365
122 117
122 580
34 263
34 357
357 34
357 628
580 122
580 637
490 381
490 44
486 150
486 736
486 506
560 246
560 387
361 386
361 734
362 22
362 388
22 678
22 362
546 485
369 353
369 356
351 528
351 643
245 191
245 725
375 350
375 358
870 831
870 923
854 828
854 844
854 994
923 844
923 870
972 844
982 844
828 854
828 994
1044 994
1044 999
984 871
984 986
984 1024
912 996
912 1057
727 359
727 657
727 778
727 928
1054 466
1054 740
809 778
809 978
740 978
740 1054
931 808
1050 808
1050 845
915 945
813 1043
852 901
852 1002
837 839
837 873
873 837
873 839
873 903
873 969
969 873
969 903
815 869
815 955
997 938
997 1033
879 25
879 1033
698 248
698 331
698 335
698 338
698 339
698 411
327 324
327 330
330 324
330 327
330 328
342 324
342 345
342 704
345 324
345 342
704 324
704 342
1002 852
1002 865
869 815
869 865
331 329
331 698
335 338
335 339
335 411
335 698
338 335
338 411
338 698
339 335
339 698
411 335
411 338
411 698
865 869
865 1002
329 331
