52 86
74 119
0 119
40 108
31 146
3 143
67 119
67 94
48 91
41 100
67 106
29 89
24 89
49 82
49 119
53 142
22 170
37 94
64 94
67 82
14 140
40 140
67 140
3 140
48 150
55 82
55 150
13 150
12 150
33 150
67 169
30 114
30 92
41 143
15 119
5 119
22 117
0 108
40 143
46 106
67 84
67 150
3 80
56 143
63 108
63 133
18 163
18 91
18 113
18 134
67 86
26 86
26 139
67 139
57 165
49 127
28 119
2 119
75 119
75 130
22 173
65 101
65 102
65 99
55 167
73 137
44 121
14 119
55 119
4 159
3 119
67 90
15 167
16 150
50 116
59 165
49 126
49 143
15 126
15 143
15 150
62 150
1 119
15 133
51 133
38 133
76 133
68 133
44 133
32 150
47 150
18 115
74 106
74 150
14 150
54 119
50 166
71 119
72 119
49 86
6 164
22 156
39 106
3 86
7 129
7 153
73 133
73 167
34 150
21 158
21 99
74 174
63 119
40 144
18 85
46 86
13 119
48 119
3 122
3 97
3 78
3 141
3 147
3 95
3 87
55 87
67 87
14 152
74 152
36 136
69 80
69 123
65 158
40 139
17 77
30 77
67 80
42 106
58 107
65 155
26 119
49 106
28 151
55 106
25 90
58 112
15 144
8 108
55 108
43 128
67 104
50 110
58 157
15 148
67 125
49 125
60 125
14 125
53 156
23 156
14 172
67 154
67 110
74 81
67 81
35 106
67 145
14 145
74 145
55 145
9 149
74 160
74 120
22 98
41 124
41 161
67 105
18 144
18 171
73 79
73 138
19 165
14 118
14 96
69 144
63 144
20 131
10 117
18 150
61 139
27 168
70 103
70 169
70 135
45 150
40 106
39 109
7 88
11 108
37 82
40 86
30 170
58 132
31 162
31 111
66 83
58 93
